9.999540069038849177e-01 -9.590832959927483511e-03 0.000000000000000000e+00 -8.112959999999999283e+00 9.590832959927483511e-03 9.999540069038849177e-01 0.000000000000000000e+00 -3.353849999999999800e-03 0.000000000000000000e+00 0.000000000000000000e+00 1.000000000000000000e+00 0.000000000000000000e+00
9.999533495176565756e-01 -9.659129796175827329e-03 0.000000000000000000e+00 -8.109780000000000655e+00 9.659129796175827329e-03 9.999533495176565756e-01 0.000000000000000000e+00 -3.323790000000000078e-03 0.000000000000000000e+00 0.000000000000000000e+00 1.000000000000000000e+00 0.000000000000000000e+00
9.999056392833831630e-01 -1.373726789754283438e-02 0.000000000000000000e+00 -8.095879999999999299e+00 1.373726789754283438e-02 9.999056392833831630e-01 0.000000000000000000e+00 -1.535829999999999964e-03 0.000000000000000000e+00 0.000000000000000000e+00 1.000000000000000000e+00 0.000000000000000000e+00
9.998381141494216973e-01 -1.799292900358476222e-02 0.000000000000000000e+00 -8.085399999999999920e+00 1.799292900358476222e-02 9.998381141494216973e-01 0.000000000000000000e+00 2.621850000000000114e-04 0.000000000000000000e+00 0.000000000000000000e+00 1.000000000000000000e+00 0.000000000000000000e+00
9.997608304653058386e-01 -2.186965631467606072e-02 0.000000000000000000e+00 -8.054930000000000589e+00 2.186965631467606072e-02 9.997608304653058386e-01 0.000000000000000000e+00 2.468859999999999805e-03 0.000000000000000000e+00 0.000000000000000000e+00 1.000000000000000000e+00 0.000000000000000000e+00
9.996708336171582499e-01 -2.565588461105861376e-02 0.000000000000000000e+00 -8.017429999999999168e+00 2.565588461105861376e-02 9.996708336171582499e-01 0.000000000000000000e+00 4.947009999999999949e-03 0.000000000000000000e+00 0.000000000000000000e+00 1.000000000000000000e+00 0.000000000000000000e+00
9.995677188379661349e-01 -2.940026287407262670e-02 0.000000000000000000e+00 -7.978150000000000297e+00 2.940026287407262670e-02 9.995677188379661349e-01 0.000000000000000000e+00 7.625060000000000344e-03 0.000000000000000000e+00 0.000000000000000000e+00 1.000000000000000000e+00 0.000000000000000000e+00
9.994536208569986258e-01 -3.305237897390825297e-02 0.000000000000000000e+00 -7.939020000000000188e+00 3.305237897390825297e-02 9.994536208569986258e-01 0.000000000000000000e+00 1.045289999999999934e-02 0.000000000000000000e+00 0.000000000000000000e+00 1.000000000000000000e+00 0.000000000000000000e+00
9.993106827823931004e-01 -3.712356767590316298e-02 0.000000000000000000e+00 -7.899799999999999933e+00 3.712356767590316298e-02 9.993106827823931004e-01 0.000000000000000000e+00 1.344610000000000076e-02 0.000000000000000000e+00 0.000000000000000000e+00 1.000000000000000000e+00 0.000000000000000000e+00
9.991743779202107989e-01 -4.062711542504235385e-02 0.000000000000000000e+00 -7.860529999999999795e+00 4.062711542504235385e-02 9.991743779202107989e-01 0.000000000000000000e+00 1.659870000000000095e-02 0.000000000000000000e+00 0.000000000000000000e+00 1.000000000000000000e+00 0.000000000000000000e+00
9.990223622732578024e-01 -4.420768799608936622e-02 0.000000000000000000e+00 -7.821430000000000327e+00 4.420768799608936622e-02 9.990223622732578024e-01 0.000000000000000000e+00 1.989130000000000065e-02 0.000000000000000000e+00 0.000000000000000000e+00 1.000000000000000000e+00 0.000000000000000000e+00
9.988499910069300602e-01 -4.794471259123113394e-02 0.000000000000000000e+00 -7.782219999999999693e+00 4.794471259123113394e-02 9.988499910069300602e-01 0.000000000000000000e+00 2.334929999999999992e-02 0.000000000000000000e+00 0.000000000000000000e+00 1.000000000000000000e+00 0.000000000000000000e+00
9.986859301769751562e-01 -5.124854014066961005e-02 0.000000000000000000e+00 -7.742969999999999686e+00 5.124854014066961005e-02 9.986859301769751562e-01 0.000000000000000000e+00 2.695200000000000026e-02 0.000000000000000000e+00 0.000000000000000000e+00 1.000000000000000000e+00 0.000000000000000000e+00
9.984884199179462350e-01 -5.496248984319199865e-02 0.000000000000000000e+00 -7.703940000000000232e+00 5.496248984319199865e-02 9.984884199179462350e-01 0.000000000000000000e+00 3.068919999999999981e-02 0.000000000000000000e+00 0.000000000000000000e+00 1.000000000000000000e+00 0.000000000000000000e+00
9.983092478308062123e-01 -5.812611887516704740e-02 0.000000000000000000e+00 -7.664699999999999847e+00 5.812611887516704740e-02 9.983092478308062123e-01 0.000000000000000000e+00 3.458440000000000125e-02 0.000000000000000000e+00 0.000000000000000000e+00 1.000000000000000000e+00 0.000000000000000000e+00
9.981220924443977571e-01 -6.125592685134249177e-02 0.000000000000000000e+00 -7.625479999999999592e+00 6.125592685134249177e-02 9.981220924443977571e-01 0.000000000000000000e+00 3.861200000000000049e-02 0.000000000000000000e+00 0.000000000000000000e+00 1.000000000000000000e+00 0.000000000000000000e+00
9.979022051907135982e-01 -6.473939199213268880e-02 0.000000000000000000e+00 -7.586470000000000269e+00 6.473939199213268880e-02 9.979022051907135982e-01 0.000000000000000000e+00 4.277129999999999821e-02 0.000000000000000000e+00 0.000000000000000000e+00 1.000000000000000000e+00 0.000000000000000000e+00
9.977058600167193481e-01 -6.769798289682234238e-02 0.000000000000000000e+00 -7.547259999999999636e+00 6.769798289682234238e-02 9.977058600167193481e-01 0.000000000000000000e+00 4.707460000000000117e-02 0.000000000000000000e+00 0.000000000000000000e+00 1.000000000000000000e+00 0.000000000000000000e+00
9.974709299584031408e-01 -7.107562091124115800e-02 0.000000000000000000e+00 -7.508119999999999905e+00 7.107562091124115800e-02 9.974709299584031408e-01 0.000000000000000000e+00 5.150210000000000204e-02 0.000000000000000000e+00 0.000000000000000000e+00 1.000000000000000000e+00 0.000000000000000000e+00
9.972647498365106999e-01 -7.391223669678670394e-02 0.000000000000000000e+00 -7.469070000000000320e+00 7.391223669678670394e-02 9.972647498365106999e-01 0.000000000000000000e+00 5.606030000000000041e-02 0.000000000000000000e+00 0.000000000000000000e+00 1.000000000000000000e+00 0.000000000000000000e+00
9.970558728754688183e-01 -7.667846089050625591e-02 0.000000000000000000e+00 -7.429890000000000327e+00 7.667846089050625591e-02 9.970558728754688183e-01 0.000000000000000000e+00 6.074809999999999932e-02 0.000000000000000000e+00 0.000000000000000000e+00 1.000000000000000000e+00 0.000000000000000000e+00
9.968066111858747691e-01 -7.985349019380656721e-02 0.000000000000000000e+00 -7.390780000000000349e+00 7.985349019380656721e-02 9.968066111858747691e-01 0.000000000000000000e+00 6.555919999999999803e-02 0.000000000000000000e+00 0.000000000000000000e+00 1.000000000000000000e+00 0.000000000000000000e+00
9.965934050120658361e-01 -8.247172295069744863e-02 0.000000000000000000e+00 -7.351759999999999629e+00 8.247172295069744863e-02 9.965934050120658361e-01 0.000000000000000000e+00 7.048300000000000398e-02 0.000000000000000000e+00 0.000000000000000000e+00 1.000000000000000000e+00 0.000000000000000000e+00
9.963625244020061222e-01 -8.521572605606156370e-02 0.000000000000000000e+00 -7.312630000000000408e+00 8.521572605606156370e-02 9.963625244020061222e-01 0.000000000000000000e+00 7.552989999999999704e-02 0.000000000000000000e+00 0.000000000000000000e+00 1.000000000000000000e+00 0.000000000000000000e+00
9.961222587511048276e-01 -8.797980234461139082e-02 0.000000000000000000e+00 -7.273520000000000429e+00 8.797980234461139082e-02 9.961222587511048276e-01 0.000000000000000000e+00 8.070040000000000546e-02 0.000000000000000000e+00 0.000000000000000000e+00 1.000000000000000000e+00 0.000000000000000000e+00
9.959059880697405109e-01 -9.039503817596318547e-02 0.000000000000000000e+00 -7.234539999999999971e+00 9.039503817596318547e-02 9.959059880697405109e-01 0.000000000000000000e+00 8.596600000000000075e-02 0.000000000000000000e+00 0.000000000000000000e+00 1.000000000000000000e+00 0.000000000000000000e+00
9.956460519008035748e-01 -9.321448028253112583e-02 0.000000000000000000e+00 -7.195479999999999876e+00 9.321448028253112583e-02 9.956460519008035748e-01 0.000000000000000000e+00 9.135039999999999827e-02 0.000000000000000000e+00 0.000000000000000000e+00 1.000000000000000000e+00 0.000000000000000000e+00
9.954306678278300735e-01 -9.548709623734624730e-02 0.000000000000000000e+00 -7.156360000000000277e+00 9.548709623734624730e-02 9.954306678278300735e-01 0.000000000000000000e+00 9.685090000000000365e-02 0.000000000000000000e+00 0.000000000000000000e+00 1.000000000000000000e+00 0.000000000000000000e+00
9.952125009684107404e-01 -9.773473239437974192e-02 0.000000000000000000e+00 -7.117409999999999570e+00 9.773473239437974192e-02 9.952125009684107404e-01 0.000000000000000000e+00 1.024329999999999963e-01 0.000000000000000000e+00 0.000000000000000000e+00 1.000000000000000000e+00 0.000000000000000000e+00
9.949547261637923246e-01 -1.003249365030099982e-01 0.000000000000000000e+00 -7.078369999999999607e+00 1.003249365030099982e-01 9.949547261637923246e-01 0.000000000000000000e+00 1.081349999999999950e-01 0.000000000000000000e+00 0.000000000000000000e+00 1.000000000000000000e+00 0.000000000000000000e+00
9.947440005547740771e-01 -1.023932290744055673e-01 0.000000000000000000e+00 -7.039290000000000269e+00 1.023932290744055673e-01 9.947440005547740771e-01 0.000000000000000000e+00 1.139369999999999966e-01 0.000000000000000000e+00 0.000000000000000000e+00 1.000000000000000000e+00 0.000000000000000000e+00
9.944846994138323293e-01 -1.048817554762485477e-01 0.000000000000000000e+00 -7.000429999999999708e+00 1.048817554762485477e-01 9.944846994138323293e-01 0.000000000000000000e+00 1.198099999999999998e-01 0.000000000000000000e+00 0.000000000000000000e+00 1.000000000000000000e+00 0.000000000000000000e+00
9.942783961771349821e-01 -1.068198057263919365e-01 0.000000000000000000e+00 -6.961359999999999992e+00 1.068198057263919365e-01 9.942783961771349821e-01 0.000000000000000000e+00 1.258060000000000012e-01 0.000000000000000000e+00 0.000000000000000000e+00 1.000000000000000000e+00 0.000000000000000000e+00
9.940748397324090657e-01 -1.086978059161508303e-01 0.000000000000000000e+00 -6.922310000000000407e+00 1.086978059161508303e-01 9.940748397324090657e-01 0.000000000000000000e+00 1.318860000000000032e-01 0.000000000000000000e+00 0.000000000000000000e+00 1.000000000000000000e+00 0.000000000000000000e+00
9.938228715578732997e-01 -1.109779255909161960e-01 0.000000000000000000e+00 -6.883479999999999599e+00 1.109779255909161960e-01 9.938228715578732997e-01 0.000000000000000000e+00 1.380339999999999900e-01 0.000000000000000000e+00 0.000000000000000000e+00 1.000000000000000000e+00 0.000000000000000000e+00
9.936288291387229688e-01 -1.127020403737682974e-01 0.000000000000000000e+00 -6.844439999999999635e+00 1.127020403737682974e-01 9.936288291387229688e-01 0.000000000000000000e+00 1.442910000000000026e-01 0.000000000000000000e+00 0.000000000000000000e+00 1.000000000000000000e+00 0.000000000000000000e+00
9.934078589815851235e-01 -1.146334406428733133e-01 0.000000000000000000e+00 -6.805450000000000443e+00 1.146334406428733133e-01 9.934078589815851235e-01 0.000000000000000000e+00 1.506210000000000049e-01 0.000000000000000000e+00 0.000000000000000000e+00 1.000000000000000000e+00 0.000000000000000000e+00
9.931995603109208259e-01 -1.164243677165290175e-01 0.000000000000000000e+00 -6.766610000000000014e+00 1.164243677165290175e-01 9.931995603109208259e-01 0.000000000000000000e+00 1.570229999999999959e-01 0.000000000000000000e+00 0.000000000000000000e+00 1.000000000000000000e+00 0.000000000000000000e+00
9.930194429765007991e-01 -1.179507773210506372e-01 0.000000000000000000e+00 -6.727610000000000312e+00 1.179507773210506372e-01 9.930194429765007991e-01 0.000000000000000000e+00 1.635149999999999937e-01 0.000000000000000000e+00 0.000000000000000000e+00 1.000000000000000000e+00 0.000000000000000000e+00
9.927891095751982808e-01 -1.198740335055301365e-01 0.000000000000000000e+00 -6.688670000000000115e+00 1.198740335055301365e-01 9.927891095751982808e-01 0.000000000000000000e+00 1.700760000000000050e-01 0.000000000000000000e+00 0.000000000000000000e+00 1.000000000000000000e+00 0.000000000000000000e+00
9.926212831287432037e-01 -1.212558793619814834e-01 0.000000000000000000e+00 -6.649829999999999686e+00 1.212558793619814834e-01 9.926212831287432037e-01 0.000000000000000000e+00 1.766999999999999960e-01 0.000000000000000000e+00 0.000000000000000000e+00 1.000000000000000000e+00 0.000000000000000000e+00
9.924528822684223206e-01 -1.226265732910327422e-01 0.000000000000000000e+00 -6.610859999999999737e+00 1.226265732910327422e-01 9.924528822684223206e-01 0.000000000000000000e+00 1.834040000000000115e-01 0.000000000000000000e+00 0.000000000000000000e+00 1.000000000000000000e+00 0.000000000000000000e+00
9.922429831001687850e-01 -1.243135651828799343e-01 0.000000000000000000e+00 -6.571939999999999671e+00 1.243135651828799343e-01 9.922429831001687850e-01 0.000000000000000000e+00 1.901750000000000107e-01 0.000000000000000000e+00 0.000000000000000000e+00 1.000000000000000000e+00 0.000000000000000000e+00
9.920945984214624147e-01 -1.254922618449326455e-01 0.000000000000000000e+00 -6.533129999999999882e+00 1.254922618449326455e-01 9.920945984214624147e-01 0.000000000000000000e+00 1.969930000000000014e-01 0.000000000000000000e+00 0.000000000000000000e+00 1.000000000000000000e+00 0.000000000000000000e+00
9.918911430733845513e-01 -1.270903627053388274e-01 0.000000000000000000e+00 -6.494239999999999569e+00 1.270903627053388274e-01 9.918911430733845513e-01 0.000000000000000000e+00 2.038800000000000057e-01 0.000000000000000000e+00 0.000000000000000000e+00 1.000000000000000000e+00 0.000000000000000000e+00
9.917566389020753270e-01 -1.281357451832175753e-01 0.000000000000000000e+00 -6.455289999999999750e+00 1.281357451832175753e-01 9.917566389020753270e-01 0.000000000000000000e+00 2.108410000000000006e-01 0.000000000000000000e+00 0.000000000000000000e+00 1.000000000000000000e+00 0.000000000000000000e+00
9.916280072999700268e-01 -1.291274375889596426e-01 0.000000000000000000e+00 -6.416500000000000092e+00 1.291274375889596426e-01 9.916280072999700268e-01 0.000000000000000000e+00 2.178289999999999949e-01 0.000000000000000000e+00 0.000000000000000000e+00 1.000000000000000000e+00 0.000000000000000000e+00
9.914467792055389195e-01 -1.305116240147342066e-01 0.000000000000000000e+00 -6.377629999999999910e+00 1.305116240147342066e-01 9.914467792055389195e-01 0.000000000000000000e+00 2.248860000000000026e-01 0.000000000000000000e+00 0.000000000000000000e+00 1.000000000000000000e+00 0.000000000000000000e+00
9.913365369810868133e-01 -1.313463758401662296e-01 0.000000000000000000e+00 -6.338700000000000223e+00 1.313463758401662296e-01 9.913365369810868133e-01 0.000000000000000000e+00 2.320000000000000118e-01 0.000000000000000000e+00 0.000000000000000000e+00 1.000000000000000000e+00 0.000000000000000000e+00
9.911884099304594242e-01 -1.324595637148464899e-01 0.000000000000000000e+00 -6.299979999999999691e+00 1.324595637148464899e-01 9.911884099304594242e-01 0.000000000000000000e+00 2.391290000000000082e-01 0.000000000000000000e+00 0.000000000000000000e+00 1.000000000000000000e+00 0.000000000000000000e+00
9.907039093542242547e-01 -1.360358922867677123e-01 0.000000000000000000e+00 -6.261070000000000135e+00 1.360358922867677123e-01 9.907039093542242547e-01 0.000000000000000000e+00 2.460819999999999952e-01 0.000000000000000000e+00 0.000000000000000000e+00 1.000000000000000000e+00 0.000000000000000000e+00
9.902320371229825779e-01 -1.394292388821941897e-01 0.000000000000000000e+00 -6.222159999999999691e+00 1.394292388821941897e-01 9.902320371229825779e-01 0.000000000000000000e+00 2.531800000000000161e-01 0.000000000000000000e+00 0.000000000000000000e+00 1.000000000000000000e+00 0.000000000000000000e+00
9.896904752015718287e-01 -1.432227750579037617e-01 0.000000000000000000e+00 -6.183489999999999931e+00 1.432227750579037617e-01 9.896904752015718287e-01 0.000000000000000000e+00 2.603989999999999916e-01 0.000000000000000000e+00 0.000000000000000000e+00 1.000000000000000000e+00 0.000000000000000000e+00
9.892125985294393242e-01 -1.464869786384933037e-01 0.000000000000000000e+00 -6.144619999999999749e+00 1.464869786384933037e-01 9.892125985294393242e-01 0.000000000000000000e+00 2.677959999999999785e-01 0.000000000000000000e+00 0.000000000000000000e+00 1.000000000000000000e+00 0.000000000000000000e+00
9.887214099838212977e-01 -1.497663962296091333e-01 0.000000000000000000e+00 -6.105789999999999829e+00 1.497663962296091333e-01 9.887214099838212977e-01 0.000000000000000000e+00 2.753300000000000192e-01 0.000000000000000000e+00 0.000000000000000000e+00 1.000000000000000000e+00 0.000000000000000000e+00
9.904203308113197490e-01 -1.380853660443280007e-01 0.000000000000000000e+00 -6.067129999999999690e+00 1.380853660443280007e-01 9.904203308113197490e-01 0.000000000000000000e+00 2.827359999999999873e-01 0.000000000000000000e+00 0.000000000000000000e+00 1.000000000000000000e+00 0.000000000000000000e+00
9.899972452346924578e-01 -1.410866911785808031e-01 0.000000000000000000e+00 -6.028249999999999886e+00 1.410866911785808031e-01 9.899972452346924578e-01 0.000000000000000000e+00 2.899399999999999755e-01 0.000000000000000000e+00 0.000000000000000000e+00 1.000000000000000000e+00 0.000000000000000000e+00
9.894968008856546149e-01 -1.445547682958099045e-01 0.000000000000000000e+00 -5.989429999999999588e+00 1.445547682958099045e-01 9.894968008856546149e-01 0.000000000000000000e+00 2.972730000000000095e-01 0.000000000000000000e+00 0.000000000000000000e+00 1.000000000000000000e+00 0.000000000000000000e+00
9.890569141565417333e-01 -1.475344724433559074e-01 0.000000000000000000e+00 -5.950730000000000075e+00 1.475344724433559074e-01 9.890569141565417333e-01 0.000000000000000000e+00 3.047300000000000009e-01 0.000000000000000000e+00 0.000000000000000000e+00 1.000000000000000000e+00 0.000000000000000000e+00
9.886107636383948405e-01 -1.504950431685704582e-01 0.000000000000000000e+00 -5.911900000000000155e+00 1.504950431685704582e-01 9.886107636383948405e-01 0.000000000000000000e+00 3.123340000000000005e-01 0.000000000000000000e+00 0.000000000000000000e+00 1.000000000000000000e+00 0.000000000000000000e+00
9.881029044511258075e-01 -1.537941813439293037e-01 0.000000000000000000e+00 -5.873149999999999871e+00 1.537941813439293037e-01 9.881029044511258075e-01 0.000000000000000000e+00 3.200660000000000172e-01 0.000000000000000000e+00 0.000000000000000000e+00 1.000000000000000000e+00 0.000000000000000000e+00
9.876623013438124987e-01 -1.565987819372937351e-01 0.000000000000000000e+00 -5.834520000000000373e+00 1.565987819372937351e-01 9.876623013438124987e-01 0.000000000000000000e+00 3.279079999999999773e-01 0.000000000000000000e+00 0.000000000000000000e+00 1.000000000000000000e+00 0.000000000000000000e+00
9.871498979381817529e-01 -1.597969930900997593e-01 0.000000000000000000e+00 -5.795810000000000350e+00 1.597969930900997593e-01 9.871498979381817529e-01 0.000000000000000000e+00 3.358860000000000179e-01 0.000000000000000000e+00 0.000000000000000000e+00 1.000000000000000000e+00 0.000000000000000000e+00
9.867054239829083917e-01 -1.625189413044186293e-01 0.000000000000000000e+00 -5.757060000000000066e+00 1.625189413044186293e-01 9.867054239829083917e-01 0.000000000000000000e+00 3.440039999999999765e-01 0.000000000000000000e+00 0.000000000000000000e+00 1.000000000000000000e+00 0.000000000000000000e+00
9.862659999597752636e-01 -1.651646975698636832e-01 0.000000000000000000e+00 -5.718490000000000073e+00 1.651646975698636832e-01 9.862659999597752636e-01 0.000000000000000000e+00 3.522109999999999963e-01 0.000000000000000000e+00 0.000000000000000000e+00 1.000000000000000000e+00 0.000000000000000000e+00
9.857472324861861201e-01 -1.682331526359323315e-01 0.000000000000000000e+00 -5.679840000000000444e+00 1.682331526359323315e-01 9.857472324861861201e-01 0.000000000000000000e+00 3.605550000000000144e-01 0.000000000000000000e+00 0.000000000000000000e+00 1.000000000000000000e+00 0.000000000000000000e+00
9.853141797593258921e-01 -1.707511849598909726e-01 0.000000000000000000e+00 -5.641160000000000174e+00 1.707511849598909726e-01 9.853141797593258921e-01 0.000000000000000000e+00 3.690269999999999939e-01 0.000000000000000000e+00 0.000000000000000000e+00 1.000000000000000000e+00 0.000000000000000000e+00
9.848440109987938174e-01 -1.734424227223771986e-01 0.000000000000000000e+00 -5.602660000000000196e+00 1.734424227223771986e-01 9.848440109987938174e-01 0.000000000000000000e+00 3.775769999999999960e-01 0.000000000000000000e+00 0.000000000000000000e+00 1.000000000000000000e+00 0.000000000000000000e+00
9.843657870031294888e-01 -1.761363034065083488e-01 0.000000000000000000e+00 -5.564059999999999562e+00 1.761363034065083488e-01 9.843657870031294888e-01 0.000000000000000000e+00 3.862709999999999755e-01 0.000000000000000000e+00 0.000000000000000000e+00 1.000000000000000000e+00 0.000000000000000000e+00
9.839437950773127772e-01 -1.784785929148228756e-01 0.000000000000000000e+00 -5.525439999999999685e+00 1.784785929148228756e-01 9.839437950773127772e-01 0.000000000000000000e+00 3.950759999999999827e-01 0.000000000000000000e+00 0.000000000000000000e+00 1.000000000000000000e+00 0.000000000000000000e+00
9.834273285960440925e-01 -1.813027561027365508e-01 0.000000000000000000e+00 -5.487049999999999983e+00 1.813027561027365508e-01 9.834273285960440925e-01 0.000000000000000000e+00 4.039499999999999758e-01 0.000000000000000000e+00 0.000000000000000000e+00 1.000000000000000000e+00 0.000000000000000000e+00
9.830147061887706261e-01 -1.835268029923829147e-01 0.000000000000000000e+00 -5.448470000000000368e+00 1.835268029923829147e-01 9.830147061887706261e-01 0.000000000000000000e+00 4.129729999999999790e-01 0.000000000000000000e+00 0.000000000000000000e+00 1.000000000000000000e+00 0.000000000000000000e+00
9.826018832129069791e-01 -1.857243632549285262e-01 0.000000000000000000e+00 -5.409909999999999997e+00 1.857243632549285262e-01 9.826018832129069791e-01 0.000000000000000000e+00 4.220909999999999940e-01 0.000000000000000000e+00 0.000000000000000000e+00 1.000000000000000000e+00 0.000000000000000000e+00
9.820977883309632839e-01 -1.883717976646992753e-01 0.000000000000000000e+00 -5.371570000000000178e+00 1.883717976646992753e-01 9.820977883309632839e-01 0.000000000000000000e+00 4.312779999999999947e-01 0.000000000000000000e+00 0.000000000000000000e+00 1.000000000000000000e+00 0.000000000000000000e+00
9.817048028596636611e-01 -1.904092435840994413e-01 0.000000000000000000e+00 -5.333050000000000068e+00 1.904092435840994413e-01 9.817048028596636611e-01 0.000000000000000000e+00 4.405999999999999917e-01 0.000000000000000000e+00 0.000000000000000000e+00 1.000000000000000000e+00 0.000000000000000000e+00
9.812023688257749399e-01 -1.929816349052104751e-01 0.000000000000000000e+00 -5.294609999999999594e+00 1.929816349052104751e-01 9.812023688257749399e-01 0.000000000000000000e+00 4.500029999999999863e-01 0.000000000000000000e+00 0.000000000000000000e+00 1.000000000000000000e+00 0.000000000000000000e+00
9.808212658362724934e-01 -1.949093237465359951e-01 0.000000000000000000e+00 -5.256280000000000285e+00 1.949093237465359951e-01 9.808212658362724934e-01 0.000000000000000000e+00 4.594920000000000115e-01 0.000000000000000000e+00 0.000000000000000000e+00 1.000000000000000000e+00 0.000000000000000000e+00
9.804470034049551641e-01 -1.967833161481020166e-01 0.000000000000000000e+00 -5.217819999999999681e+00 1.967833161481020166e-01 9.804470034049551641e-01 0.000000000000000000e+00 4.690920000000000090e-01 0.000000000000000000e+00 0.000000000000000000e+00 1.000000000000000000e+00 0.000000000000000000e+00
9.799561654258109877e-01 -1.992132371202792185e-01 0.000000000000000000e+00 -5.179429999999999978e+00 1.992132371202792185e-01 9.799561654258109877e-01 0.000000000000000000e+00 4.787770000000000081e-01 0.000000000000000000e+00 0.000000000000000000e+00 1.000000000000000000e+00 0.000000000000000000e+00
9.796026259662189428e-01 -2.009445077629347098e-01 0.000000000000000000e+00 -5.141149999999999665e+00 2.009445077629347098e-01 9.796026259662189428e-01 0.000000000000000000e+00 4.885289999999999910e-01 0.000000000000000000e+00 0.000000000000000000e+00 1.000000000000000000e+00 0.000000000000000000e+00
9.791792947841594374e-01 -2.029973119674154947e-01 0.000000000000000000e+00 -5.102780000000000094e+00 2.029973119674154947e-01 9.791792947841594374e-01 0.000000000000000000e+00 4.983850000000000224e-01 0.000000000000000000e+00 0.000000000000000000e+00 1.000000000000000000e+00 0.000000000000000000e+00
9.787805640687883280e-01 -2.049112183390274788e-01 0.000000000000000000e+00 -5.064420000000000144e+00 2.049112183390274788e-01 9.787805640687883280e-01 0.000000000000000000e+00 5.083349999999999813e-01 0.000000000000000000e+00 0.000000000000000000e+00 1.000000000000000000e+00 0.000000000000000000e+00
9.784518663725287890e-01 -2.064750473837334288e-01 0.000000000000000000e+00 -5.026200000000000223e+00 2.064750473837334288e-01 9.784518663725287890e-01 0.000000000000000000e+00 5.183309999999999862e-01 0.000000000000000000e+00 0.000000000000000000e+00 1.000000000000000000e+00 0.000000000000000000e+00
9.779858645706265285e-01 -2.086711496590847315e-01 0.000000000000000000e+00 -4.987910000000000288e+00 2.086711496590847315e-01 9.779858645706265285e-01 0.000000000000000000e+00 5.284269999999999801e-01 0.000000000000000000e+00 0.000000000000000000e+00 1.000000000000000000e+00 0.000000000000000000e+00
9.776797422636828161e-01 -2.101007414723199962e-01 0.000000000000000000e+00 -4.949569999999999581e+00 2.101007414723199962e-01 9.776797422636828161e-01 0.000000000000000000e+00 5.386180000000000412e-01 0.000000000000000000e+00 0.000000000000000000e+00 1.000000000000000000e+00 0.000000000000000000e+00
9.773681456181616545e-01 -2.115455221244730566e-01 0.000000000000000000e+00 -4.911400000000000432e+00 2.115455221244730566e-01 9.773681456181616545e-01 0.000000000000000000e+00 5.488380000000000480e-01 0.000000000000000000e+00 0.000000000000000000e+00 1.000000000000000000e+00 0.000000000000000000e+00
9.776101453617407344e-01 -2.104243419516765023e-01 0.000000000000000000e+00 -4.873129999999999740e+00 2.104243419516765023e-01 9.776101453617407344e-01 0.000000000000000000e+00 5.591540000000000399e-01 0.000000000000000000e+00 0.000000000000000000e+00 1.000000000000000000e+00 0.000000000000000000e+00
9.807334573353952978e-01 -1.953506735666973859e-01 0.000000000000000000e+00 -4.834570000000000256e+00 1.953506735666973859e-01 9.807334573353952978e-01 0.000000000000000000e+00 5.690250000000000030e-01 0.000000000000000000e+00 0.000000000000000000e+00 1.000000000000000000e+00 0.000000000000000000e+00
9.806121514285790486e-01 -1.959586907248910270e-01 0.000000000000000000e+00 -4.796289999999999942e+00 1.959586907248910270e-01 9.806121514285790486e-01 0.000000000000000000e+00 5.786649999999999849e-01 0.000000000000000000e+00 0.000000000000000000e+00 1.000000000000000000e+00 0.000000000000000000e+00
9.804011262789639192e-01 -1.970117549562436787e-01 0.000000000000000000e+00 -4.757850000000000357e+00 1.970117549562436787e-01 9.804011262789639192e-01 0.000000000000000000e+00 5.883739999999999526e-01 0.000000000000000000e+00 0.000000000000000000e+00 1.000000000000000000e+00 0.000000000000000000e+00
9.801988722646446384e-01 -1.980155822432137780e-01 0.000000000000000000e+00 -4.719420000000000393e+00 1.980155822432137780e-01 9.801988722646446384e-01 0.000000000000000000e+00 5.981319999999999970e-01 0.000000000000000000e+00 0.000000000000000000e+00 1.000000000000000000e+00 0.000000000000000000e+00
9.801279198746123411e-01 -1.983664807427544252e-01 0.000000000000000000e+00 -4.681160000000000210e+00 1.983664807427544252e-01 9.801279198746123411e-01 0.000000000000000000e+00 6.078850000000000087e-01 0.000000000000000000e+00 0.000000000000000000e+00 1.000000000000000000e+00 0.000000000000000000e+00
9.799426166600385679e-01 -1.992798736788957970e-01 0.000000000000000000e+00 -4.642750000000000377e+00 1.992798736788957970e-01 9.799426166600385679e-01 0.000000000000000000e+00 6.177089999999999526e-01 0.000000000000000000e+00 0.000000000000000000e+00 1.000000000000000000e+00 0.000000000000000000e+00
9.798494461050625270e-01 -1.997374851338681312e-01 0.000000000000000000e+00 -4.604330000000000034e+00 1.997374851338681312e-01 9.798494461050625270e-01 0.000000000000000000e+00 6.275749999999999940e-01 0.000000000000000000e+00 0.000000000000000000e+00 1.000000000000000000e+00 0.000000000000000000e+00
9.797500555632242536e-01 -2.002244456200563405e-01 0.000000000000000000e+00 -4.566110000000000113e+00 2.002244456200563405e-01 9.797500555632242536e-01 0.000000000000000000e+00 6.374149999999999539e-01 0.000000000000000000e+00 0.000000000000000000e+00 1.000000000000000000e+00 0.000000000000000000e+00
9.796026259662189428e-01 -2.009445077629347098e-01 0.000000000000000000e+00 -4.527709999999999901e+00 2.009445077629347098e-01 9.796026259662189428e-01 0.000000000000000000e+00 6.473299999999999610e-01 0.000000000000000000e+00 0.000000000000000000e+00 1.000000000000000000e+00 0.000000000000000000e+00
9.796142790999710082e-01 -2.008876904726718537e-01 0.000000000000000000e+00 -4.489349999999999952e+00 2.008876904726718537e-01 9.796142790999710082e-01 0.000000000000000000e+00 6.572609999999999841e-01 0.000000000000000000e+00 0.000000000000000000e+00 1.000000000000000000e+00 0.000000000000000000e+00
9.794875254588979452e-01 -2.015048075615190337e-01 0.000000000000000000e+00 -4.451100000000000279e+00 2.015048075615190337e-01 9.794875254588979452e-01 0.000000000000000000e+00 6.671829999999999705e-01 0.000000000000000000e+00 0.000000000000000000e+00 1.000000000000000000e+00 0.000000000000000000e+00
9.793997781986110152e-01 -2.019308655567829680e-01 0.000000000000000000e+00 -4.412709999999999688e+00 2.019308655567829680e-01 9.793997781986110152e-01 0.000000000000000000e+00 6.771679999999999922e-01 0.000000000000000000e+00 0.000000000000000000e+00 1.000000000000000000e+00 0.000000000000000000e+00
9.794355046198200965e-01 -2.017575086338009305e-01 0.000000000000000000e+00 -4.374369999999999870e+00 2.017575086338009305e-01 9.794355046198200965e-01 0.000000000000000000e+00 6.871450000000000058e-01 0.000000000000000000e+00 0.000000000000000000e+00 1.000000000000000000e+00 0.000000000000000000e+00
9.793462321306902751e-01 -2.021903994046704012e-01 0.000000000000000000e+00 -4.336140000000000327e+00 2.021903994046704012e-01 9.793462321306902751e-01 0.000000000000000000e+00 6.971180000000000154e-01 0.000000000000000000e+00 0.000000000000000000e+00 1.000000000000000000e+00 0.000000000000000000e+00
9.794353028618217882e-01 -2.017584880692046834e-01 0.000000000000000000e+00 -4.297799999999999621e+00 2.017584880692046834e-01 9.794353028618217882e-01 0.000000000000000000e+00 7.071309999999999540e-01 0.000000000000000000e+00 0.000000000000000000e+00 1.000000000000000000e+00 0.000000000000000000e+00
9.793729127312698068e-01 -2.020611239409218218e-01 0.000000000000000000e+00 -4.259420000000000428e+00 2.020611239409218218e-01 9.793729127312698068e-01 0.000000000000000000e+00 7.171480000000000077e-01 0.000000000000000000e+00 0.000000000000000000e+00 1.000000000000000000e+00 0.000000000000000000e+00
9.793274241883899167e-01 -2.022814777297548827e-01 0.000000000000000000e+00 -4.221199999999999619e+00 2.022814777297548827e-01 9.793274241883899167e-01 0.000000000000000000e+00 7.271509999999999918e-01 0.000000000000000000e+00 0.000000000000000000e+00 1.000000000000000000e+00 0.000000000000000000e+00
9.787606830759674192e-01 -2.050061590895884134e-01 0.000000000000000000e+00 -4.182769999999999655e+00 2.050061590895884134e-01 9.787606830759674192e-01 0.000000000000000000e+00 7.369250000000000522e-01 0.000000000000000000e+00 0.000000000000000000e+00 1.000000000000000000e+00 0.000000000000000000e+00
9.780165286628677013e-01 -2.085273834829232120e-01 0.000000000000000000e+00 -4.144339999999999691e+00 2.085273834829232120e-01 9.780165286628677013e-01 0.000000000000000000e+00 7.468430000000000346e-01 0.000000000000000000e+00 0.000000000000000000e+00 1.000000000000000000e+00 0.000000000000000000e+00
9.773935240437050531e-01 -2.114282364241525936e-01 0.000000000000000000e+00 -4.106080000000000396e+00 2.114282364241525936e-01 9.773935240437050531e-01 0.000000000000000000e+00 7.568709999999999605e-01 0.000000000000000000e+00 0.000000000000000000e+00 1.000000000000000000e+00 0.000000000000000000e+00
9.767308276324923044e-01 -2.144688563692792871e-01 0.000000000000000000e+00 -4.067739999999999689e+00 2.144688563692792871e-01 9.767308276324923044e-01 0.000000000000000000e+00 7.670339999999999936e-01 0.000000000000000000e+00 0.000000000000000000e+00 1.000000000000000000e+00 0.000000000000000000e+00
9.759920690759807949e-01 -2.178060630487267668e-01 0.000000000000000000e+00 -4.029399999999999871e+00 2.178060630487267668e-01 9.759920690759807949e-01 0.000000000000000000e+00 7.773459999999999814e-01 0.000000000000000000e+00 0.000000000000000000e+00 1.000000000000000000e+00 0.000000000000000000e+00
9.754643226437610393e-01 -2.201575691388976963e-01 0.000000000000000000e+00 -3.991280000000000161e+00 2.201575691388976963e-01 9.754643226437610393e-01 0.000000000000000000e+00 7.877340000000000453e-01 0.000000000000000000e+00 0.000000000000000000e+00 1.000000000000000000e+00 0.000000000000000000e+00
9.747266844960431609e-01 -2.234007397735091327e-01 0.000000000000000000e+00 -3.952989999999999782e+00 2.234007397735091327e-01 9.747266844960431609e-01 0.000000000000000000e+00 7.982860000000000511e-01 0.000000000000000000e+00 0.000000000000000000e+00 1.000000000000000000e+00 0.000000000000000000e+00
9.740283276352519337e-01 -2.264261843605422653e-01 0.000000000000000000e+00 -3.914719999999999978e+00 2.264261843605422653e-01 9.740283276352519337e-01 0.000000000000000000e+00 8.089739999999999709e-01 0.000000000000000000e+00 0.000000000000000000e+00 1.000000000000000000e+00 0.000000000000000000e+00
9.734903349585449783e-01 -2.287281524917731956e-01 0.000000000000000000e+00 -3.876700000000000035e+00 2.287281524917731956e-01 9.734903349585449783e-01 0.000000000000000000e+00 8.197069999999999634e-01 0.000000000000000000e+00 0.000000000000000000e+00 1.000000000000000000e+00 0.000000000000000000e+00
9.727606084925604080e-01 -2.318119896924738521e-01 0.000000000000000000e+00 -3.838499999999999801e+00 2.318119896924738521e-01 9.727606084925604080e-01 0.000000000000000000e+00 8.306170000000000497e-01 0.000000000000000000e+00 0.000000000000000000e+00 1.000000000000000000e+00 0.000000000000000000e+00
9.722775047886770272e-01 -2.338299674590578192e-01 0.000000000000000000e+00 -3.800390000000000157e+00 2.338299674590578192e-01 9.722775047886770272e-01 0.000000000000000000e+00 8.416299999999999892e-01 0.000000000000000000e+00 0.000000000000000000e+00 1.000000000000000000e+00 0.000000000000000000e+00
9.715593286008299412e-01 -2.367962647693256650e-01 0.000000000000000000e+00 -3.762379999999999836e+00 2.367962647693256650e-01 9.715593286008299412e-01 0.000000000000000000e+00 8.527169999999999472e-01 0.000000000000000000e+00 0.000000000000000000e+00 1.000000000000000000e+00 0.000000000000000000e+00
9.708472056082696477e-01 -2.396991934959611936e-01 0.000000000000000000e+00 -3.724270000000000191e+00 2.396991934959611936e-01 9.708472056082696477e-01 0.000000000000000000e+00 8.639660000000000117e-01 0.000000000000000000e+00 0.000000000000000000e+00 1.000000000000000000e+00 0.000000000000000000e+00
9.703919573518672292e-01 -2.415356062919332414e-01 0.000000000000000000e+00 -3.686249999999999805e+00 2.415356062919332414e-01 9.703919573518672292e-01 0.000000000000000000e+00 8.752910000000000412e-01 0.000000000000000000e+00 0.000000000000000000e+00 1.000000000000000000e+00 0.000000000000000000e+00
9.696827817793290949e-01 -2.443671473842220776e-01 0.000000000000000000e+00 -3.648330000000000073e+00 2.443671473842220776e-01 9.696827817793290949e-01 0.000000000000000000e+00 8.867009999999999614e-01 0.000000000000000000e+00 0.000000000000000000e+00 1.000000000000000000e+00 0.000000000000000000e+00
9.691519476886755191e-01 -2.464639979616634613e-01 0.000000000000000000e+00 -3.610320000000000196e+00 2.464639979616634613e-01 9.691519476886755191e-01 0.000000000000000000e+00 8.982599999999999474e-01 0.000000000000000000e+00 0.000000000000000000e+00 1.000000000000000000e+00 0.000000000000000000e+00
9.685616240091846629e-01 -2.487737536330769939e-01 0.000000000000000000e+00 -3.572360000000000202e+00 2.487737536330769939e-01 9.685616240091846629e-01 0.000000000000000000e+00 9.098870000000000013e-01 0.000000000000000000e+00 0.000000000000000000e+00 1.000000000000000000e+00 0.000000000000000000e+00
9.678703144738383113e-01 -2.514499042758088776e-01 0.000000000000000000e+00 -3.534530000000000172e+00 2.514499042758088776e-01 9.678703144738383113e-01 0.000000000000000000e+00 9.216010000000000035e-01 0.000000000000000000e+00 0.000000000000000000e+00 1.000000000000000000e+00 0.000000000000000000e+00
9.674718156949067005e-01 -2.529788248767085856e-01 0.000000000000000000e+00 -3.496640000000000192e+00 2.529788248767085856e-01 9.674718156949067005e-01 0.000000000000000000e+00 9.334280000000000355e-01 0.000000000000000000e+00 0.000000000000000000e+00 1.000000000000000000e+00 0.000000000000000000e+00
9.667913811483396236e-01 -2.555668705784961414e-01 0.000000000000000000e+00 -3.458720000000000017e+00 2.555668705784961414e-01 9.667913811483396236e-01 0.000000000000000000e+00 9.453610000000000069e-01 0.000000000000000000e+00 0.000000000000000000e+00 1.000000000000000000e+00 0.000000000000000000e+00
9.661765263100169365e-01 -2.578816007541234745e-01 0.000000000000000000e+00 -3.420949999999999935e+00 2.578816007541234745e-01 9.661765263100169365e-01 0.000000000000000000e+00 9.573660000000000503e-01 0.000000000000000000e+00 0.000000000000000000e+00 1.000000000000000000e+00 0.000000000000000000e+00
9.657491877015352832e-01 -2.594773717568158444e-01 0.000000000000000000e+00 -3.383150000000000102e+00 2.594773717568158444e-01 9.657491877015352832e-01 0.000000000000000000e+00 9.694519999999999804e-01 0.000000000000000000e+00 0.000000000000000000e+00 1.000000000000000000e+00 0.000000000000000000e+00
9.650922389715795857e-01 -2.619102332418943302e-01 0.000000000000000000e+00 -3.345299999999999940e+00 2.619102332418943302e-01 9.650922389715795857e-01 0.000000000000000000e+00 9.816610000000000058e-01 0.000000000000000000e+00 0.000000000000000000e+00 1.000000000000000000e+00 0.000000000000000000e+00
9.647412025097060750e-01 -2.632003270897022573e-01 0.000000000000000000e+00 -3.307690000000000019e+00 2.632003270897022573e-01 9.647412025097060750e-01 0.000000000000000000e+00 9.938979999999999482e-01 0.000000000000000000e+00 0.000000000000000000e+00 1.000000000000000000e+00 0.000000000000000000e+00
9.641024955152373010e-01 -2.655303714102997814e-01 0.000000000000000000e+00 -3.269890000000000185e+00 2.655303714102997814e-01 9.641024955152373010e-01 0.000000000000000000e+00 1.006269999999999998e+00 0.000000000000000000e+00 0.000000000000000000e+00 1.000000000000000000e+00 0.000000000000000000e+00
9.634827999415153110e-01 -2.677702265317375430e-01 0.000000000000000000e+00 -3.232110000000000039e+00 2.677702265317375430e-01 9.634827999415153110e-01 0.000000000000000000e+00 1.018729999999999913e+00 0.000000000000000000e+00 0.000000000000000000e+00 1.000000000000000000e+00 0.000000000000000000e+00
9.631562101544678400e-01 -2.689425865140784300e-01 0.000000000000000000e+00 -3.194570000000000132e+00 2.689425865140784300e-01 9.631562101544678400e-01 0.000000000000000000e+00 1.031199999999999894e+00 0.000000000000000000e+00 0.000000000000000000e+00 1.000000000000000000e+00 0.000000000000000000e+00
9.621253685778339282e-01 -2.726073644254080053e-01 0.000000000000000000e+00 -3.156849999999999934e+00 2.726073644254080053e-01 9.621253685778339282e-01 0.000000000000000000e+00 1.043819999999999970e+00 0.000000000000000000e+00 0.000000000000000000e+00 1.000000000000000000e+00 0.000000000000000000e+00
