-9.978506618337332768e-01 6.525956945961884637e-02 -5.936772854459712936e-03 1.187829999999999941e+00 -6.526057745192830051e-02 -9.978682560616822794e-01 -2.398035958390301549e-05 -7.809979999999999700e-01 -5.925682122855982156e-03 3.635084070011650463e-04 9.999823769212218272e-01 7.672030000000000349e+00
-9.978617498485439219e-01 6.507676356325706180e-02 -6.078078095418389115e-03 1.191699999999999982e+00 -6.507644385186914238e-02 -9.978802501660936075e-01 -2.505674543985299675e-04 -7.804699999999999971e-01 -6.081500209371695428e-03 1.455080294025581640e-04 9.999814969201263892e-01 7.673770000000000202e+00
-9.978647079897778882e-01 6.502370796913178874e-02 -6.159703760770328558e-03 1.195189999999999975e+00 -6.502241783919779361e-02 -9.978837193446584708e-01 -4.096891694335414976e-04 -7.800599999999999756e-01 -6.173307607770138310e-03 -8.295531724889149876e-06 9.999809449206339407e-01 7.675370000000000026e+00
-9.978655822662297892e-01 6.499090055626063900e-02 -6.361019836840123114e-03 1.197719999999999896e+00 -6.498931678531291722e-02 -9.978858557702326992e-01 -4.555847766310679755e-04 -7.798079999999999457e-01 -6.377180588369607030e-03 -4.121403515052862168e-05 9.999796647278116346e-01 7.676890000000000214e+00
-9.978728984155904591e-01 6.489571186312514950e-02 -6.182652298711612156e-03 1.202679999999999971e+00 -6.489362136340950937e-02 -9.978920423018731167e-01 -5.383464858951361775e-04 -7.791289999999999605e-01 -6.204555907634878333e-03 -1.359866709378225751e-04 9.999807423113777904e-01 7.678530000000000300e+00
-9.978394475770837602e-01 6.537709107680964027e-02 -6.501755254905618869e-03 1.207969999999999988e+00 -6.537858660877360339e-02 -9.978605313901003360e-01 1.751871924565056356e-05 -7.785079999999999778e-01 -6.486699630724826818e-03 4.425564381762338317e-04 9.999788632124679832e-01 7.680450000000000443e+00
-9.978079398286429091e-01 6.583458438862055395e-02 -6.717344214566116703e-03 1.212020000000000097e+00 -6.584035013515837642e-02 -9.978299644360578702e-01 6.405994186878829176e-04 -7.781099999999999683e-01 -6.660593742236358555e-03 1.081467481281796336e-03 9.999772332003802333e-01 7.681770000000000209e+00
-9.977841779429694746e-01 6.611811045628077088e-02 -7.424938812108289321e-03 1.214650000000000007e+00 -6.613046143537992805e-02 -9.978099602024916859e-01 1.430171683977459569e-03 -7.779300000000000104e-01 -7.314117651243040585e-03 1.918017307788944881e-03 9.999714120376597126e-01 7.682920000000000194e+00
-9.977396588069084027e-01 6.672884270501903969e-02 -7.926840172664297024e-03 1.216920000000000002e+00 -6.674679447996446913e-02 -9.977678976414755541e-01 2.021846373830386238e-03 -7.778829999999999911e-01 -7.774231185366205395e-03 2.546367483065864554e-03 9.999665381112097240e-01 7.684280000000000221e+00
-9.976957353935640427e-01 6.733779784428195470e-02 -8.297021090617957492e-03 1.218450000000000033e+00 -6.736273025633091049e-02 -9.977247263989414972e-01 2.762771175890072709e-03 -7.778150000000000341e-01 -8.092104170630954815e-03 3.315315013712173426e-03 9.999617625371739482e-01 7.685550000000000104e+00
-9.976457475683564446e-01 6.803880537139621321e-02 -8.583899021325282555e-03 1.222620000000000040e+00 -6.806603815525931467e-02 -9.976765419125748213e-01 2.920987369535913911e-03 -7.770719999999999850e-01 -8.365214200594382407e-03 3.498382626224804184e-03 9.999588914102311987e-01 7.687509999999999621e+00
-9.976101715968458405e-01 6.849165075160122684e-02 -9.101609958234530007e-03 1.227079999999999949e+00 -6.852298548081660334e-02 -9.976444813928621036e-01 3.176351234128115767e-03 -7.762430000000000163e-01 -8.862617407230679450e-03 3.792429786750564375e-03 9.999535346649888190e-01 7.689499999999999780e+00
-9.975755835807915695e-01 6.889931019413784996e-02 -9.789795616600925274e-03 1.230420000000000069e+00 -6.893523136572000942e-02 -9.976154114474924395e-01 3.380047189715737650e-03 -7.755469999999999864e-01 -9.533568062247142413e-03 4.046714373664788214e-03 9.999463661530952896e-01 7.691290000000000404e+00
-9.975382283164464514e-01 6.936940810710050254e-02 -1.026490458580660639e-02 1.232799999999999896e+00 -6.940968225992492913e-02 -9.975816707733295985e-01 3.620241106390028035e-03 -7.750179999999999847e-01 -9.988946684282497268e-03 4.323812665075963714e-03 9.999407610394606127e-01 7.692949999999999733e+00
-9.974987664301464552e-01 6.987451017956851362e-02 -1.066601132109393051e-02 1.234229999999999938e+00 -6.992125009117426682e-02 -9.975441969902272277e-01 4.073553339573877420e-03 -7.747319999999999762e-01 -1.035518015409624647e-02 4.809145276269850659e-03 9.999348190585665153e-01 7.694320000000000270e+00
-9.974507420149689718e-01 7.053240795002599373e-02 -1.082574166322348638e-02 1.235309999999999908e+00 -7.058480774052941498e-02 -9.974954658817742903e-01 4.536569357394261599e-03 -7.744779999999999998e-01 -1.047865306326352733e-02 5.289137365682546922e-03 9.999311090549721781e-01 7.695570000000000022e+00
-9.974113988887755022e-01 7.102391334015668856e-02 -1.122965273663453084e-02 1.238680000000000003e+00 -7.108428587913985519e-02 -9.974574213773182985e-01 5.071177413877196900e-03 -7.738960000000000283e-01 -1.084092559647045415e-02 5.856302003842813082e-03 9.999240861480691578e-01 7.697589999999999932e+00
-9.973914982064124857e-01 7.126908041813047323e-02 -1.144191775543637081e-02 1.242240000000000011e+00 -7.133756854721999552e-02 -9.974359833291379651e-01 5.693019761663327578e-03 -7.733130000000000281e-01 -1.100684420434880871e-02 6.494408101594194120e-03 9.999183326872607136e-01 7.699989999999999668e+00
-9.973557205333021258e-01 7.168062374499885314e-02 -1.197726592447106997e-02 1.244879999999999987e+00 -7.175965126887885737e-02 -9.974020344308416330e-01 6.303504024516690465e-03 -7.729070000000000107e-01 -1.149431029973017188e-02 7.146320224151084255e-03 9.999084012738304050e-01 7.702340000000000408e+00
-9.973117419826889041e-01 7.217414400353536208e-02 -1.265631229116475319e-02 1.246510000000000007e+00 -7.226376777681434160e-02 -9.973625624958328828e-01 6.772503115126513387e-03 -7.726619999999999600e-01 -1.213413244336805120e-02 7.668889691649581272e-03 9.998969701727994375e-01 7.704119999999999635e+00
-9.972706667185443630e-01 7.260104059910309215e-02 -1.342781466500425451e-02 1.247849999999999904e+00 -7.270147441707668079e-02 -9.973281282593527974e-01 7.148440408897405347e-03 -7.725269999999999637e-01 -1.287295305411555006e-02 8.105151856923951612e-03 9.998842901021313123e-01 7.705750000000000099e+00
-9.972363145779837845e-01 7.296676843057836592e-02 -1.398512036839642467e-02 1.248620000000000063e+00 -7.308020150538535598e-02 -9.972957325759709279e-01 7.778556015711898634e-03 -7.724520000000000275e-01 -1.337972476744031178e-02 8.779093948446420326e-03 9.998719470385153407e-01 7.707360000000000433e+00
-9.971890670309485616e-01 7.352435621111859387e-02 -1.442683741112363825e-02 1.251849999999999907e+00 -7.364743820226805904e-02 -9.972506815796521318e-01 8.193469055446170324e-03 -7.712649999999999784e-01 -1.378475390384447004e-02 9.232937379837210384e-03 9.998623572408107396e-01 7.709319999999999951e+00
-9.971496697919961516e-01 7.400346877617629271e-02 -1.469770876045412185e-02 1.255179999999999962e+00 -7.412937696324480019e-02 -9.972148029186220786e-01 8.214153091789300198e-03 -7.698819999999999553e-01 -1.404889692306059666e-02 9.280272036298289895e-03 9.998582424754911546e-01 7.711680000000000312e+00
-9.971141868908413031e-01 7.446019602465285547e-02 -1.479788866654010993e-02 1.257549999999999946e+00 -7.459141809557472136e-02 -9.971777643946733161e-01 8.522120823657580724e-03 -7.689059999999999784e-01 -1.412156675118641722e-02 9.601323076124490541e-03 9.998541873431746607e-01 7.714000000000000412e+00
-9.970672722674259747e-01 7.499632045766006783e-02 -1.524488409291701284e-02 1.258960000000000079e+00 -7.513934960115691009e-02 -9.971321051677782821e-01 9.035650789507403136e-03 -7.683039999999999869e-01 -1.452352280645571002e-02 1.015464236134196868e-02 9.998429629315814804e-01 7.715670000000000250e+00
-9.970135642975105350e-01 7.563162088060333688e-02 -1.561443337898661514e-02 1.259970000000000034e+00 -7.579027150996246742e-02 -9.970753155819754854e-01 9.831063093614093168e-03 -7.678129999999999677e-01 -1.482522685223729673e-02 1.098512540106551250e-02 9.998297553427297757e-01 7.717399999999999594e+00
-9.969826414441981255e-01 7.593995877164781694e-02 -1.608525165203368579e-02 1.260520000000000085e+00 -7.611556685107083442e-02 -9.970426455166118140e-01 1.060110862955127714e-02 -7.674910000000000343e-01 -1.523263410868223866e-02 1.179345933116358533e-02 9.998144233682142445e-01 7.719009999999999927e+00
-9.969320025705366017e-01 7.646298707682498697e-02 -1.673301700199433112e-02 1.263430000000000053e+00 -7.665483324831250111e-02 -9.969954548030874886e-01 1.114000186976465794e-02 -7.668850000000000389e-01 -1.583094407712751228e-02 1.238849100069305646e-02 9.997979328346068284e-01 7.721029999999999838e+00
-9.968835254339372121e-01 7.699794146295330100e-02 -1.716256766549086391e-02 1.266469999999999985e+00 -7.720094303927277357e-02 -9.969492708373699497e-01 1.149633727252660255e-02 -7.662889999999999979e-01 -1.622501501545976429e-02 1.278547563856511672e-02 9.997866174841729681e-01 7.723300000000000054e+00
-9.968507683395659846e-01 7.730865821500451651e-02 -1.766117283230578261e-02 1.268729999999999913e+00 -7.752699051268796548e-02 -9.969176658633995824e-01 1.203051252094288273e-02 -7.658470000000000555e-01 -1.667667241575946507e-02 1.336184322863379417e-02 9.997716487991998857e-01 7.725179999999999936e+00
-9.967993091946917295e-01 7.780346900898435503e-02 -1.837817725329711840e-02 1.270119999999999916e+00 -7.803830155080951347e-02 -9.968729293345069964e-01 1.242522640052595023e-02 -7.655790000000000095e-01 -1.735398167714016435e-02 1.381965883107894033e-02 9.997538978917472896e-01 7.726729999999999876e+00
-9.967578301381067041e-01 7.819329881792054515e-02 -1.896407335846118924e-02 1.271209999999999951e+00 -7.844509715014104378e-02 -9.968347434214267500e-01 1.291747038098675637e-02 -7.653469999999999995e-01 -1.789398757903463283e-02 1.436322832479250758e-02 9.997367167812791777e-01 7.728329999999999700e+00
-9.966941789923597916e-01 7.881855303515632183e-02 -1.970657910928218237e-02 1.271770000000000067e+00 -7.908927063112115852e-02 -9.967780545985376328e-01 1.335653928951518153e-02 -7.651550000000000296e-01 -1.859034248698566982e-02 1.487096392973014623e-02 9.997165866374417842e-01 7.729890000000000150e+00
-9.966488955196297628e-01 7.921443647979953262e-02 -2.039735553178105565e-02 1.274629999999999930e+00 -7.950066366060190570e-02 -9.967416914640181425e-01 1.362515963106217254e-02 -7.646899999999999809e-01 -1.925158531201849599e-02 1.520110359927460270e-02 9.996991061876259188e-01 7.731379999999999697e+00
-9.966109567545820003e-01 7.963428926923274420e-02 -2.061506365017931261e-02 1.277640000000000109e+00 -7.992647302692246214e-02 -9.967057997945267811e-01 1.375890858424342472e-02 -7.642590000000000217e-01 -1.945147259704047352e-02 1.535996837682601646e-02 9.996928086093594956e-01 7.733150000000000190e+00
-9.965441654251867565e-01 8.035305987255225713e-02 -2.105022864807808147e-02 1.279840000000000089e+00 -8.066767552127901419e-02 -9.966348784810579176e-01 1.454802808084628384e-02 -7.639820000000000499e-01 -1.981041349926796619e-02 1.619582551664103254e-02 9.996725677704789703e-01 7.734869999999999912e+00
-9.964809326775941889e-01 8.098615282559611106e-02 -2.161004073344525295e-02 1.281239999999999934e+00 -8.132479620846853885e-02 -9.965705226476050393e-01 1.527975495649367028e-02 -7.638420000000000210e-01 -2.029848101812131017e-02 1.698341662883604344e-02 9.996497062611324758e-01 7.735850000000000115e+00
-9.964367178655482160e-01 8.133153843797255589e-02 -2.233938550289200908e-02 1.282389999999999919e+00 -8.169521513964517201e-02 -9.965308592150035061e-01 1.587886820571219812e-02 -7.637850000000000472e-01 -2.097043424970777836e-02 1.764730822306570177e-02 9.996243361382610715e-01 7.737129999999999619e+00
-9.963869719346604148e-01 8.173694602354686367e-02 -2.306672524703255039e-02 1.282990000000000075e+00 -8.212779552427981744e-02 -9.964845948597768066e-01 1.653715239902368156e-02 -7.639639999999999764e-01 -2.163394002950885103e-02 1.837182249778824411e-02 9.995971432416709268e-01 7.738269999999999982e+00
-9.963381094479578648e-01 8.223747620507161626e-02 -2.339592206111303432e-02 1.286289999999999933e+00 -8.264706831308181456e-02 -9.964319368995101511e-01 1.711307178573397494e-02 -7.637770000000000392e-01 -2.190510810112985748e-02 1.898400995867772015e-02 9.995797985178406231e-01 7.740020000000000344e+00
-9.962933273588956418e-01 8.269559923479319341e-02 -2.368636163150793228e-02 1.289870000000000072e+00 -8.312746645436436266e-02 -9.963787414359548400e-01 1.786695092569032250e-02 -7.636579999999999480e-01 -2.212306897830015884e-02 1.976971121946323462e-02 9.995597672662102084e-01 7.742210000000000036e+00
-9.962436275567149169e-01 8.312138356898883529e-02 -2.427900628556222892e-02 1.292559999999999931e+00 -8.357686789623451629e-02 -9.963316553239366380e-01 1.838857667465623735e-02 -7.636119999999999575e-01 -2.266145858705261376e-02 2.034866563294460834e-02 9.995360874434029430e-01 7.744279999999999831e+00
-9.961880624043258914e-01 8.357760410320712319e-02 -2.498256222812619831e-02 1.294189999999999952e+00 -8.405461413208649424e-02 -9.962857798746015403e-01 1.869402746233584517e-02 -7.636659999999999560e-01 -2.332736946637289227e-02 2.072266662435359036e-02 9.995130839172415849e-01 7.745610000000000106e+00
-9.961348808358256868e-01 8.407699515238775678e-02 -2.542357308366369195e-02 1.295460000000000056e+00 -8.456936562171143978e-02 -9.962373232037757820e-01 1.895305395223579117e-02 -7.638220000000000010e-01 -2.373439656987961360e-02 2.102985358770803268e-02 9.994970853772126018e-01 7.746739999999999959e+00
-9.960674019496619236e-01 8.473812885294748631e-02 -2.586851931889151690e-02 1.296270000000000033e+00 -8.525275333224585639e-02 -9.961688453442129054e-01 1.948331632060663204e-02 -7.640109999999999957e-01 -2.411843325180632741e-02 2.161205876539398774e-02 9.994754724821411918e-01 7.747469999999999857e+00
-9.960223843596177629e-01 8.510627086316652212e-02 -2.638811312592856742e-02 1.299369999999999914e+00 -8.564647571418781968e-02 -9.961235486843417197e-01 2.006382202503852533e-02 -7.636150000000000437e-01 -2.457826381827053416e-02 2.224406474272897297e-02 9.994504042379492859e-01 7.748599999999999710e+00
-9.959657537543968875e-01 8.558085267168807908e-02 -2.698397680889649125e-02 1.302759999999999918e+00 -8.613824214774851162e-02 -9.960780507556961094e-01 2.021682572584250492e-02 -7.631860000000000310e-01 -2.514797383751000287e-02 2.245961840103396362e-02 9.994314108297518429e-01 7.750149999999999650e+00
-9.958758264855120945e-01 8.561055955684340746e-02 -3.003615012218238331e-02 1.305360000000000076e+00 -8.626005098544531347e-02 -9.960505351982094080e-01 2.103651433457357639e-02 -7.629650000000000043e-01 -2.811657564118512712e-02 2.354067594026372501e-02 9.993274211941193252e-01 7.751859999999999751e+00
-9.953516423535023749e-01 8.328679748509636160e-02 -4.835718590717995313e-02 1.306880000000000042e+00 -8.452702412152070244e-02 -9.961274723411283061e-01 2.419175562942669361e-02 -7.628779999999999450e-01 -4.615506751533221541e-02 2.816679271678951268e-02 9.985371007282124456e-01 7.754120000000000346e+00
-9.944474028006548005e-01 7.909581135622682779e-02 -6.941336822926875982e-02 1.306999999999999940e+00 -8.109892645553083701e-02 -9.963530145332936128e-01 2.652611087548779542e-02 -7.627709999999999768e-01 -6.706211442231953257e-02 3.200817171158719388e-02 9.972352529633561335e-01 7.757550000000000168e+00
-9.936627062089256057e-01 7.164446424665985025e-02 -8.661118306756551699e-02 1.304689999999999905e+00 -7.425365509432232947e-02 -9.968660614000606213e-01 2.728461716542683949e-02 -7.625610000000000444e-01 -8.438495715877142311e-02 3.354290344528276097e-02 9.958684916362063877e-01 7.760849999999999582e+00
-9.937069588128945030e-01 6.559633346191588721e-02 -9.079427869189860001e-02 1.303439999999999932e+00 -6.827438267470824218e-02 -9.973090309832871592e-01 2.670777769798594534e-02 -7.619059999999999722e-01 -8.879802180914006526e-02 3.273862788100124349e-02 9.955114733478732658e-01 7.763329999999999842e+00
-9.942966682698909375e-01 5.931675713899415420e-02 -8.863214873796024240e-02 1.298929999999999918e+00 -6.182616166790693563e-02 -9.977524270022571917e-01 2.583834639676055658e-02 -7.610310000000000130e-01 -8.690029459563503034e-02 3.117076729274946903e-02 9.957292413430334221e-01 7.765579999999999927e+00
-9.956234114818823810e-01 5.052790591259860575e-02 -7.861903861830399354e-02 1.291539999999999910e+00 -5.264745266619501318e-02 -9.982970809560870462e-01 2.512337322727237546e-02 -7.603640000000000398e-01 -7.721572532159201585e-02 2.915251067478842259e-02 9.965881109487595424e-01 7.767430000000000057e+00
-9.965066222106142568e-01 4.413842765059425299e-02 -7.089676364211228154e-02 1.282799999999999940e+00 -4.601944063169716159e-02 -9.986246422208933105e-01 2.512041068809933025e-02 -7.600000000000000089e-01 -6.969047979701373241e-02 2.829528500874892855e-02 9.971672948266684378e-01 7.768989999999999618e+00
-9.971882894513015572e-01 3.740519403873594079e-02 -6.493355711888497417e-02 1.270140000000000047e+00 -3.913600928896624614e-02 -9.989061474666538487e-01 2.559064927393074618e-02 -7.597080000000000499e-01 -6.390530618126270823e-02 2.805993606998950091e-02 9.975614025360177717e-01 7.771060000000000301e+00
-9.978805069575018560e-01 2.837332222302978157e-02 -5.856149264036766139e-02 1.256610000000000005e+00 -2.992097977908405454e-02 -9.992212459830216442e-01 2.572229665480950736e-02 -7.595439999999999969e-01 -5.778606063143044286e-02 2.741999566313797418e-02 9.979523611047446119e-01 7.773469999999999658e+00
-9.981364776352487089e-01 2.194009882414189525e-02 -5.694035543869991473e-02 1.246089999999999920e+00 -2.344037925394614960e-02 -9.993918705430190341e-01 2.581545492445681128e-02 -7.583809999999999718e-01 -5.633933469903391195e-02 2.710205077318648265e-02 9.980437656784183487e-01 7.775859999999999772e+00
-9.982363202113554435e-01 1.510335256286992472e-02 -5.741200007188779209e-02 1.232329999999999925e+00 -1.661424072762972964e-02 -9.995256628629419771e-01 2.593099079173929664e-02 -7.570620000000000127e-01 -5.699312253190873256e-02 2.683911361722940772e-02 9.980137503883925731e-01 7.778620000000000090e+00
-9.981627368233737529e-01 5.290356302243420794e-03 -6.035861949603678334e-02 1.217899999999999983e+00 -6.866538564535220809e-03 -9.996400182284247427e-01 2.593616402663139267e-02 -7.560459999999999958e-01 -6.019967994444645754e-02 2.630296725599396909e-02 9.978397428686213155e-01 7.780719999999999636e+00
-9.981388773503683254e-01 -1.010310561660362257e-03 -6.097344335294833245e-02 1.203859999999999930e+00 -5.740903827487606106e-04 -9.996627659464667470e-01 2.596198760672866965e-02 -7.553389999999999826e-01 -6.097911070176931930e-02 2.594867343099633780e-02 9.978016909211934182e-01 7.782269999999999577e+00
-9.981393199451995546e-01 -8.094348940306915138e-03 -6.043491949665760060e-02 1.185640000000000027e+00 6.534262351311038303e-03 -9.996414324881048863e-01 2.596747713302821267e-02 -7.547190000000000287e-01 -6.062343931895625843e-02 2.552426234708177546e-02 9.978343102122608776e-01 7.784360000000000390e+00
-9.981478621595717415e-01 -1.729904853305808121e-02 -5.832313594215992464e-02 1.167310000000000070e+00 1.578002985702689487e-02 -9.995267548690268677e-01 2.640562361891918633e-02 -7.542539999999999800e-01 -5.875232696658155146e-02 2.543637593769175823e-02 9.979484730461631870e-01 7.786369999999999791e+00
-9.980820765957741925e-01 -2.412247637013874291e-02 -5.701117883397165131e-02 1.153529999999999944e+00 2.263435556623977218e-02 -9.993897306140265835e-01 2.660549363053400784e-02 -7.529449999999999754e-01 -5.761817704828946229e-02 2.526405503864043167e-02 9.980189743670391245e-01 7.787149999999999572e+00
-9.979729519992638354e-01 -3.121343706041639771e-02 -5.545906981504842431e-02 1.136239999999999917e+00 2.977174541508685601e-02 -9.992018040764413245e-01 2.663452468741064200e-02 -7.514490000000000336e-01 -5.624615767156228990e-02 2.492942191990132200e-02 9.981056525588487549e-01 7.787749999999999950e+00
-9.977927511537046934e-01 -3.941668763890470578e-02 -5.344109355822054125e-02 1.118919999999999915e+00 3.802855057004989742e-02 -9.989185982509428685e-01 2.674814778471529264e-02 -7.502929999999999877e-01 -5.443762565232452416e-02 2.465682063747938468e-02 9.982126958265903349e-01 7.788389999999999702e+00
-9.975691943565340170e-01 -4.595224787227710633e-02 -5.238409478401155617e-02 1.102740000000000054e+00 4.458635614441364831e-02 -9.986418966899489602e-01 2.695216171783849576e-02 -7.495140000000000136e-01 -5.355146418744317904e-02 2.455103034468850490e-02 9.982632356209433233e-01 7.789480000000000182e+00
-9.971886099503910472e-01 -5.258719561968026868e-02 -5.338036195142146362e-02 1.082580000000000098e+00 5.117050260335302692e-02 -9.983093343836368927e-01 2.756905050632504212e-02 -7.487160000000000482e-01 -5.473989266090612676e-02 2.476004320185124646e-02 9.981936106848787738e-01 7.790829999999999700e+00
-9.965640105363181567e-01 -6.157813317547832649e-02 -5.539229565916390513e-02 1.062910000000000021e+00 6.010195856721894242e-02 -9.978013234097805606e-01 2.793337749136359793e-02 -7.479770000000000030e-01 -5.699059115462367514e-02 2.450821324196801598e-02 9.980738549844559993e-01 7.791640000000000121e+00
-9.960551861014385056e-01 -6.811176668959437186e-02 -5.687577233630045775e-02 1.044899999999999940e+00 6.659876874242345868e-02 -9.973843949053805558e-01 2.808865965511727486e-02 -7.462779999999999969e-01 -5.864017600946998948e-02 2.418999871124580953e-02 9.979860588805476995e-01 7.791280000000000427e+00
-9.955034008964590564e-01 -7.482333037872930526e-02 -5.808999943724506981e-02 1.029379999999999962e+00 7.329706607634188520e-02 -9.969176460347090041e-01 2.797761836209086000e-02 -7.447840000000000016e-01 -6.000432407905265803e-02 2.359398770131825723e-02 9.979192376320670244e-01 7.791159999999999641e+00
-9.947714685150537139e-01 -8.389777166870848735e-02 -5.823134325626870555e-02 1.010839999999999961e+00 8.238568265080903341e-02 -9.962098148253442087e-01 2.790347899123339637e-02 -7.431440000000000268e-01 -6.035167539152758165e-02 2.296015580694690805e-02 9.979130756347253106e-01 7.790939999999999976e+00
-9.941957776440748518e-01 -9.059746188168267544e-02 -5.802461215113347004e-02 9.934950000000000170e-01 8.910976765259144561e-02 -9.956354982326907077e-01 2.773813201789577382e-02 -7.418109999999999982e-01 -6.028436798701282406e-02 2.240657402500667583e-02 9.979297271936874436e-01 7.790510000000000268e+00
-9.936900574368127126e-01 -9.700867519057648769e-02 -5.629730623211559593e-02 9.718250000000000499e-01 9.558474373228359466e-02 -9.950423621358216453e-01 2.746369095365309987e-02 -7.402980000000000116e-01 -5.868242085034533484e-02 2.190923305214776545e-02 9.980362513407062819e-01 7.790049999999999919e+00
-9.929734302533893553e-01 -1.054828218168826076e-01 -5.363898873361658964e-02 9.507970000000000033e-01 1.041382515701329420e-01 -9.941886108869198990e-01 2.728058911850041179e-02 -7.388630000000000475e-01 -5.620490521949978585e-02 2.150302965362175384e-02 9.981876719059309400e-01 7.789670000000000094e+00
-9.922708507902885389e-01 -1.119003955274913559e-01 -5.363636968240841768e-02 9.342270000000000296e-01 1.105383466106893003e-01 -9.934849169937419733e-01 2.773073447482016576e-02 -7.367289999999999672e-01 -5.639000443777340138e-02 2.158752386747626525e-02 9.981754085393905740e-01 7.789270000000000138e+00
-9.913966523948301024e-01 -1.186267117457134590e-01 -5.532070932954368664e-02 9.138730000000000464e-01 1.172140289905872212e-01 -9.927082299916385466e-01 2.812901552955607634e-02 -7.342220000000000413e-01 -5.825417605732858412e-02 2.140264860403110272e-02 9.980723308481276312e-01 7.788909999999999556e+00
-9.901501263933107921e-01 -1.275336446411564073e-01 -5.777453321191291374e-02 8.939570000000000016e-01 1.260521528203752406e-01 -9.916108433614478912e-01 2.861450851137177509e-02 -7.320410000000000528e-01 -6.093916616314955931e-02 2.105005492966333103e-02 9.979194923513612370e-01 7.788569999999999993e+00
-9.891697046245361280e-01 -1.342783804547452164e-01 -5.926729279677283441e-02 8.756880000000000219e-01 1.327473811036656293e-01 -9.907234329807134143e-01 2.907253262149434372e-02 -7.302400000000000002e-01 -6.262130837922390281e-02 2.089009060201501081e-02 9.978187089103479623e-01 7.788540000000000241e+00
-9.881615580310531000e-01 -1.411124297547213247e-01 -6.019981227845049715e-02 8.530309999999999837e-01 1.395567367067276354e-01 -9.897796325254387684e-01 2.932910291121352750e-02 -7.281959999999999544e-01 -6.372324904939273560e-02 2.058060267645970762e-02 9.977553739890669959e-01 7.788499999999999979e+00
-9.868425204452474508e-01 -1.500282539229724210e-01 -6.027738270774586626e-02 8.310239999999999849e-01 1.484570166489013743e-01 -9.884704939650345024e-01 2.977577485522863235e-02 -7.263269999999999449e-01 -6.404962177077845598e-02 2.043540029814801609e-02 9.977374606406613777e-01 7.788549999999999862e+00
-9.857190655151074621e-01 -1.569518712850054565e-01 -6.102486362261119734e-02 8.152209999999999734e-01 1.553428767630920804e-01 -9.873957558150369129e-01 3.030201375187557833e-02 -7.231210000000000138e-01 -6.501164910221857163e-02 2.038949480951293691e-02 9.976761769143446257e-01 7.787340000000000373e+00
-9.847200246755989372e-01 -1.636155067505372096e-01 -5.963588645818512779e-02 7.958009999999999806e-01 1.620512988820891898e-01 -9.863195773103683450e-01 3.021701416296351805e-02 -7.192790000000000017e-01 -6.376401440872768445e-02 2.009122607164265384e-02 9.977627438932675785e-01 7.785599999999999632e+00
-9.833765926457271878e-01 -1.722981990394878427e-01 -5.730451678731687815e-02 7.767009999999999748e-01 1.708019986821390779e-01 -9.848457224342106464e-01 3.009286043604814456e-02 -7.158160000000000078e-01 -6.162105389122621291e-02 1.980488855777652948e-02 9.979031075743516332e-01 7.783890000000000420e+00
-9.821935756333807221e-01 -1.786420717614869424e-01 -5.816175875330804879e-02 7.590519999999999490e-01 1.771318296087442956e-01 -9.837235789149126886e-01 3.020323205046468451e-02 -7.129199999999999982e-01 -6.261066142417789915e-02 1.936312174209478543e-02 9.978501764255131024e-01 7.782490000000000130e+00
-9.807943848129528908e-01 -1.855939828964243421e-01 -5.997706421643840546e-02 7.371619999999999839e-01 1.840409777180737338e-01 -9.824451226460061415e-01 3.050409004788242825e-02 -7.096240000000000325e-01 -6.458554977668390373e-02 1.888000269373875037e-02 9.977335577489251373e-01 7.781170000000000364e+00
-9.790338026089774326e-01 -1.941078472930146126e-01 -6.176533791923999317e-02 7.159590000000000121e-01 1.925298491487412167e-01 -9.808137001582307724e-01 3.060625375121109326e-02 -7.065240000000000409e-01 -6.652120365544458847e-02 1.807288580145117313e-02 9.976213210748048343e-01 7.780359999999999943e+00
-9.776079602968490434e-01 -2.008174545933108512e-01 -6.288899661227048687e-02 7.002469999999999528e-01 1.992140685311521442e-01 -9.794696697334062119e-01 3.086941806380074510e-02 -7.024329999999999741e-01 -6.779698270203510235e-02 1.764981594793070541e-02 9.975430081623068990e-01 7.778970000000000162e+00
-9.761807688586120468e-01 -2.073895414470066090e-01 -6.372350122999330402e-02 6.808549999999999880e-01 2.057770300567887123e-01 -9.781085318344610036e-01 3.097602062309367729e-02 -6.975160000000000249e-01 -6.875260294429665076e-02 1.712536280010366549e-02 9.974867425371368723e-01 7.777379999999999960e+00
-9.740152153578015559e-01 -2.166807547259179123e-01 -6.590759275608645829e-02 6.616030000000000522e-01 2.150314715618265593e-01 -9.761069849396887266e-01 3.125092302486269513e-02 -6.929650000000000531e-01 -7.110433523668521771e-02 1.626666786275287116e-02 9.973362366961265879e-01 7.775850000000000151e+00
-9.724608961667351448e-01 -2.234619260534485841e-01 -6.621610854673617985e-02 6.437249999999999917e-01 2.218204702847456355e-01 -9.745857554500343412e-01 3.127753565324272594e-02 -6.891119999999999468e-01 -7.152261453026140248e-02 1.572809201297665355e-02 9.973149666641861755e-01 7.774390000000000356e+00
-9.709344742146833740e-01 -2.301031932166336114e-01 -6.586931951193267243e-02 6.214340000000000419e-01 2.284877711363996478e-01 -9.730469814183598798e-01 3.119151156546583897e-02 -6.846320000000000183e-01 -7.127120893163479964e-02 1.523457988022392830e-02 9.973406250390567385e-01 7.772630000000000372e+00
-9.687037206479690576e-01 -2.390568625771658517e-01 -6.682004233419595873e-02 5.997719999999999718e-01 2.374134339484426093e-01 -9.708927438316369285e-01 3.165661630503546070e-02 -6.804529999999999745e-01 -7.244282561848457147e-02 1.480190629067123891e-02 9.972627239532079191e-01 7.770760000000000112e+00
-9.669947777705304448e-01 -2.460199574297435854e-01 -6.629691026578923840e-02 5.831730000000000524e-01 2.443799873763756736e-01 -9.691536480390771091e-01 3.193161853823860835e-02 -6.757750000000000146e-01 -7.210770787124923253e-02 1.467607027839110297e-02 9.972888706020631711e-01 7.767929999999999779e+00
-9.653219753719438634e-01 -2.526597844566512707e-01 -6.570020686670045851e-02 5.627090000000000147e-01 2.510197503411234488e-01 -9.674443016155508390e-01 3.225845951497746666e-02 -6.701939999999999564e-01 -7.171170617611004328e-02 1.464775033641461076e-02 9.973178403134046466e-01 7.764590000000000103e+00
-9.629878173723280810e-01 -2.616569108354978579e-01 -6.473117181469720260e-02 5.426849999999999730e-01 2.600465612072267452e-01 -9.650552380459742619e-01 3.231367395273940235e-02 -6.650770000000000293e-01 -7.092425252884676512e-02 1.428455571770339758e-02 9.973794172085024279e-01 7.761540000000000106e+00
-9.613078140968988050e-01 -2.680638178906217806e-01 -6.347500369551269117e-02 5.243419999999999748e-01 2.665163753984382544e-01 -9.633035464183218322e-01 3.186375844690078618e-02 -6.607450000000000268e-01 -6.968721691042424615e-02 1.371375206817127337e-02 9.974746236388631893e-01 7.759159999999999613e+00
-9.594502905271288240e-01 -2.746148095499181818e-01 -6.357551716872121561e-02 5.017939999999999623e-01 2.730579394367706469e-01 -9.614594116658577994e-01 3.217392468579918091e-02 -6.556290000000000173e-01 -6.996071553345549476e-02 1.350948167046993158e-02 9.974582658873714092e-01 7.756700000000000372e+00
-9.568558399896103239e-01 -2.832001155139478588e-01 -6.499689262313622373e-02 4.800749999999999740e-01 2.816130640790655004e-01 -9.589742938022789431e-01 3.259426278381360315e-02 -6.507920000000000371e-01 -7.156104818808260715e-02 1.288403660762866415e-02 9.973530057020513206e-01 7.754389999999999894e+00
-9.548502798723496054e-01 -2.895766568497221694e-01 -6.637998821507695713e-02 4.627689999999999859e-01 2.879444393580177786e-01 -9.570723995285969066e-01 3.317260772641320021e-02 -6.450900000000000523e-01 -7.313646744608567896e-02 1.256112528047915664e-02 9.972428366557444246e-01 7.751070000000000348e+00
-9.529416424100418670e-01 -2.958827705092533789e-01 -6.599706263630689129e-02 4.415950000000000153e-01 2.942775261567235345e-01 -9.551477309517617531e-01 3.306886234481257875e-02 -6.381930000000000103e-01 -7.282145123472208437e-02 1.209124366927456611e-02 9.972716972152571024e-01 7.747410000000000352e+00
-9.502568435412034331e-01 -3.043409587524098514e-01 -6.624584612466188904e-02 4.210780000000000078e-01 3.027455644406650270e-01 -9.524942429828261448e-01 3.316384018891444657e-02 -6.317819999999999547e-01 -7.319190197427255518e-02 1.145853002076254422e-02 9.972520481679401083e-01 7.744419999999999860e+00
-9.479496457099766404e-01 -3.109320492942686531e-01 -6.864932570678385082e-02 4.024719999999999964e-01 3.092711718695971834e-01 -9.503696425816557936e-01 3.389520186724961220e-02 -6.263549999999999951e-01 -7.578133971325469453e-02 1.089968719193270576e-02 9.970648852358515724e-01 7.741660000000000430e+00
-9.456134467309553759e-01 -3.175390989906644590e-01 -7.059837090046225394e-02 3.795370000000000132e-01 3.158516068326042703e-01 -9.481920056471717650e-01 3.420062701260730836e-02 -6.197850000000000303e-01 -7.780084718603133553e-02 1.004196390107624237e-02 9.969183452711386506e-01 7.738540000000000418e+00
-9.430027203115778356e-01 -3.257805977267284603e-01 -6.791812445717088087e-02 3.574499999999999900e-01 3.242401612717978332e-01 -9.454025396703575890e-01 3.289917633127793090e-02 -6.135159999999999503e-01 -7.492788068137753998e-02 9.002229149134234956e-03 9.971483202447586347e-01 7.735820000000000363e+00
-9.409167334597421384e-01 -3.318991613734776913e-01 -6.722088496167237526e-02 3.410059999999999758e-01 3.303937487081977653e-01 -9.432758742245477279e-01 3.271996210968067947e-02 -6.065040000000000431e-01 -7.426756701274427053e-02 8.577399693197830174e-03 9.972014624460346921e-01 7.732269999999999754e+00
-9.385457511732621105e-01 -3.385340866136560267e-01 -6.727960430379098522e-02 3.210169999999999968e-01 3.370142077557892746e-01 -9.409164486716034004e-01 3.313095818046519342e-02 -5.980950000000000433e-01 -7.452044501581275848e-02 8.420737490009525331e-03 9.971839321081991114e-01 7.727929999999999744e+00
-9.356825374270412166e-01 -3.463821693312471584e-01 -6.721295949051125929e-02 3.014950000000000130e-01 3.448921398857789922e-01 -9.380618792477810608e-01 3.300488671590568607e-02 -5.903450000000000086e-01 -7.448221934866144922e-02 7.700874723092073978e-03 9.971926070370745743e-01 7.724129999999999718e+00
-9.332299116051099297e-01 -3.526112426208889428e-01 -6.890024428745729346e-02 2.836159999999999792e-01 3.510801528783220604e-01 -9.357424805870546702e-01 3.359667066421120896e-02 -5.837520000000000486e-01 -7.631944929343160988e-02 7.163909696393572571e-03 9.970576814093601303e-01 7.721320000000000405e+00
-9.306687623337143167e-01 -3.589201737499170819e-01 -7.093633548162484037e-02 2.615739999999999732e-01 3.573271417078912049e-01 -9.333441966531946798e-01 3.443725268762170416e-02 -5.760589999999999877e-01 -7.856824177172963553e-02 6.702197336081197609e-03 9.968862081179412638e-01 7.718230000000000146e+00
-9.270786558720650605e-01 -3.675996963755238101e-01 -7.345494572231148211e-02 2.403369999999999951e-01 3.659228621716377194e-01 -9.299639329547101374e-01 3.560256091244064225e-02 -5.688370000000000370e-01 -8.139794080049980729e-02 6.127530336938283653e-03 9.966628460043085447e-01 7.715119999999999756e+00
-9.240660045746155182e-01 -3.746880863161650699e-01 -7.557021345898864984e-02 2.241690000000000071e-01 3.729399161197177182e-01 -9.271338558224756499e-01 3.658732502338880171e-02 -5.611859999999999626e-01 -8.377253818600077784e-02 5.625954183891349047e-03 9.964690213375406724e-01 7.711450000000000138e+00
-9.215420242368367321e-01 -3.806802296297521759e-01 -7.643860500109128653e-02 2.042799999999999894e-01 3.789045993196576423e-01 -9.246920036932916309e-01 3.709451334221201824e-02 -5.520890000000000519e-01 -8.480331467509633070e-02 5.221213912970337073e-03 9.963840307559087561e-01 7.707259999999999778e+00
-9.182143250134620072e-01 -3.890785194606141140e-01 -7.416440544094389520e-02 1.846460000000000046e-01 3.873917247023016541e-01 -9.211921434073810921e-01 3.650597973881964525e-02 -5.436729999999999619e-01 -8.252336016091625648e-02 4.789636609547384682e-03 9.965776208649781420e-01 7.703800000000000203e+00
-9.155867047138385173e-01 -3.954079674833870239e-01 -7.316778937422431517e-02 1.666239999999999943e-01 3.937416411416237993e-01 -9.184937486495011738e-01 3.656164278157741920e-02 -5.364560000000000439e-01 -8.166092200284559566e-02 4.666148566397226166e-03 9.966492466636400760e-01 7.700829999999999842e+00
-9.129020927035638167e-01 -4.016236866151265961e-01 -7.285728163422422465e-02 1.443750000000000033e-01 3.999549062033691538e-01 -9.157937310509729478e-01 3.684990056421651866e-02 -5.279300000000000104e-01 -8.152203469803920299e-02 4.500724098742900359e-03 9.966613774704419226e-01 7.697079999999999700e+00
-9.094291526053770447e-01 -4.096589571206646907e-01 -7.154128348216284849e-02 1.230170000000000013e-01 4.080780497490701375e-01 -9.122313506864994093e-01 3.614233165805032233e-02 -5.199049999999999505e-01 -8.006823155572523332e-02 3.674462613016814261e-03 9.967826125189204189e-01 7.693579999999999863e+00
-9.066934759382476727e-01 -4.157100173430986478e-01 -7.135910713860371679e-02 1.071089999999999959e-01 4.141378687131982428e-01 -9.094910933194293445e-01 3.627363877968151767e-02 -5.113830000000000320e-01 -7.997978737598568366e-02 3.336563086419740143e-03 9.967909013218683167e-01 7.688439999999999941e+00
-9.037434363746558175e-01 -4.218255400765853480e-01 -7.287671060651165766e-02 8.783699999999999841e-02 4.202268103977987446e-01 -9.066732357160754985e-01 3.678411965827099728e-02 -5.012339999999999574e-01 -8.159184415504186494e-02 2.618659053524534375e-03 9.966623869656867640e-01 7.682330000000000325e+00
-8.996597631321616717e-01 -4.301044173859055464e-01 -7.498333645626437116e-02 6.897720000000000240e-02 4.284822912385866100e-01 -9.027779482890181395e-01 3.734838922901297098e-02 -4.918339999999999934e-01 -8.375700983149814149e-02 1.471811197647592689e-03 9.964851213519871909e-01 7.676999999999999602e+00
-8.966161040562780071e-01 -4.361982711132845192e-01 -7.622748995423660190e-02 5.164309999999999734e-02 4.345206630576197715e-01 -8.998498313885049393e-01 3.823708051153926202e-02 -4.837899999999999978e-01 -8.527224239404164463e-02 1.161562680609629084e-03 9.963570120439916300e-01 7.672860000000000014e+00
-8.936054276463561985e-01 -4.422304080056869147e-01 -7.682191039082872375e-02 3.001699999999999854e-02 4.405402390073902552e-01 -8.969012235128616117e-01 3.863279793703100484e-02 -4.742009999999999836e-01 -8.598626341622417346e-02 6.793351571158547098e-04 9.962960910329118347e-01 7.668370000000000353e+00
-8.898731732857383392e-01 -4.499740420671657914e-01 -7.516047453353867647e-02 9.003050000000000289e-03 4.483511883185831715e-01 -8.930415910221753961e-01 3.818283171657053943e-02 -4.652490000000000236e-01 -8.430271288448869249e-02 2.795895529592827555e-04 9.964401509523775902e-01 7.664369999999999905e+00
-8.868341707456701695e-01 -4.559606751785571510e-01 -7.500010859027826660e-02 -9.148069999999999466e-03 4.543216555865983719e-01 -8.899999044364574896e-01 3.862645943066077975e-02 -4.541990000000000194e-01 -8.436223599983284915e-02 1.810906141214430054e-04 9.964351360441369154e-01 7.657969999999999722e+00
-8.836098886744090386e-01 -4.620685481279947493e-01 -7.567180100728171377e-02 -2.437809999999999977e-02 4.604072041596354858e-01 -8.868441776539635057e-01 3.914857493157609253e-02 -4.449060000000000237e-01 -8.519842131581048528e-02 -2.477743984351521433e-04 9.963639734620785005e-01 7.652400000000000091e+00
-8.793570122543509227e-01 -4.699267487541092803e-01 -7.681208111028661745e-02 -4.243910000000000043e-02 4.682707649455483678e-01 -8.827044739546735519e-01 3.943732188820359141e-02 -4.345100000000000073e-01 -8.633502010431207130e-02 -1.289366431649598133e-03 9.962653270277916917e-01 7.646200000000000330e+00
-8.759911215371697368e-01 -4.758535343709118792e-01 -7.875892847647902872e-02 -5.921850000000000031e-02 4.741470862598165525e-01 -8.795221995809504589e-01 4.031427830946469892e-02 -4.254970000000000141e-01 -8.845391782944295178e-02 -2.028366583798246053e-03 9.960782048361583874e-01 7.641420000000000101e+00
-8.724814010321347846e-01 -4.820238192346937289e-01 -8.018255760078285554e-02 -8.015329999999999677e-02 4.803212453444940522e-01 -8.761526488970642346e-01 4.059602322115200140e-02 -4.147419999999999995e-01 -8.982041039606733501e-02 -3.094110705390867855e-03 9.959531717682439389e-01 7.636449999999999960e+00
-8.682207685981627732e-01 -4.899390127939454165e-01 -7.843762309829352408e-02 -1.004619999999999957e-01 4.883558210324087656e-01 -8.717477004524530892e-01 3.955425159982493832e-02 -4.045790000000000219e-01 -8.775698854551514105e-02 -3.963647102672652328e-03 9.961340273593046746e-01 7.632130000000000081e+00
