9.999999955248712880e-01 9.460579985887561849e-05 0.000000000000000000e+00 -1.156580000000000029e-05 -9.460579985887561849e-05 9.999999955248712880e-01 0.000000000000000000e+00 -2.439290000000000133e-07 0.000000000000000000e+00 0.000000000000000000e+00 1.000000000000000000e+00 0.000000000000000000e+00
9.999999955083473946e-01 9.478029985809328169e-05 0.000000000000000000e+00 -1.157530000000000080e-05 -9.478029985809328169e-05 9.999999955083473946e-01 0.000000000000000000e+00 -2.394189999999999815e-07 0.000000000000000000e+00 0.000000000000000000e+00 1.000000000000000000e+00 0.000000000000000000e+00
9.999999954898937116e-01 9.497479985721785577e-05 0.000000000000000000e+00 -1.158580000000000010e-05 -9.497479985721785577e-05 9.999999954898937116e-01 0.000000000000000000e+00 -2.414780000000000134e-07 0.000000000000000000e+00 0.000000000000000000e+00 1.000000000000000000e+00 0.000000000000000000e+00
9.999999954670709679e-01 9.521479985613268907e-05 0.000000000000000000e+00 -1.159869999999999959e-05 -9.521479985613268907e-05 9.999999954670709679e-01 0.000000000000000000e+00 -2.563660000000000074e-07 0.000000000000000000e+00 0.000000000000000000e+00 1.000000000000000000e+00 0.000000000000000000e+00
9.999999954489811049e-01 9.540459985527062242e-05 0.000000000000000000e+00 -1.160900000000000015e-05 -9.540459985527062242e-05 9.999999954489811049e-01 0.000000000000000000e+00 -2.543890000000000156e-07 0.000000000000000000e+00 0.000000000000000000e+00 1.000000000000000000e+00 0.000000000000000000e+00
9.999999985199337083e-01 -5.440709997315796252e-05 0.000000000000000000e+00 -1.161920000000000049e-05 5.440709997315796252e-05 9.999999985199337083e-01 0.000000000000000000e+00 -2.564470000000000199e-07 0.000000000000000000e+00 0.000000000000000000e+00 1.000000000000000000e+00 0.000000000000000000e+00
9.999999791246255709e-01 -2.043299985781782369e-04 0.000000000000000000e+00 -1.162339999999999954e-05 2.043299985781782369e-04 9.999999791246255709e-01 0.000000000000000000e+00 -2.415269999999999895e-07 0.000000000000000000e+00 0.000000000000000000e+00 1.000000000000000000e+00 0.000000000000000000e+00
9.999999373076579046e-01 -3.540969926002765283e-04 0.000000000000000000e+00 -1.163589999999999984e-05 3.540969926002765283e-04 9.999999373076579046e-01 0.000000000000000000e+00 -2.496540000000000199e-07 0.000000000000000000e+00 0.000000000000000000e+00 1.000000000000000000e+00 0.000000000000000000e+00
9.999998730590258234e-01 -5.038669786795438223e-04 0.000000000000000000e+00 -1.164829999999999993e-05 5.038669786795438223e-04 9.999998730590258234e-01 0.000000000000000000e+00 -2.603749999999999741e-07 0.000000000000000000e+00 0.000000000000000000e+00 1.000000000000000000e+00 0.000000000000000000e+00
9.999997863231272488e-01 -6.537229534381705639e-04 0.000000000000000000e+00 -1.165610000000000009e-05 6.537229534381705639e-04 9.999997863231272488e-01 0.000000000000000000e+00 -2.520010000000000077e-07 0.000000000000000000e+00 0.000000000000000000e+00 1.000000000000000000e+00 0.000000000000000000e+00
9.999996771963028941e-01 -8.034969135427307268e-04 0.000000000000000000e+00 -1.166829999999999974e-05 8.034969135427307268e-04 9.999996771963028941e-01 0.000000000000000000e+00 -2.631059999999999738e-07 0.000000000000000000e+00 0.000000000000000000e+00 1.000000000000000000e+00 0.000000000000000000e+00
9.999995455657365584e-01 -9.533458555889665108e-04 0.000000000000000000e+00 -1.167650000000000078e-05 9.533458555889665108e-04 9.999995455657365584e-01 0.000000000000000000e+00 -2.625050000000000070e-07 0.000000000000000000e+00 0.000000000000000000e+00 1.000000000000000000e+00 0.000000000000000000e+00
9.999993915301004233e-01 -1.103149776255467774e-03 0.000000000000000000e+00 -1.168710000000000030e-05 1.103149776255467774e-03 9.999993915301004233e-01 0.000000000000000000e+00 -2.617070000000000021e-07 0.000000000000000000e+00 0.000000000000000000e+00 1.000000000000000000e+00 0.000000000000000000e+00
9.999992151459554668e-01 -1.252879672224004471e-03 0.000000000000000000e+00 -1.170149999999999969e-05 1.252879672224004471e-03 9.999992151459554668e-01 0.000000000000000000e+00 -2.472129999999999784e-07 0.000000000000000000e+00 0.000000000000000000e+00 1.000000000000000000e+00 0.000000000000000000e+00
9.999990162866499999e-01 -1.402649540064793187e-03 0.000000000000000000e+00 -1.171410000000000021e-05 1.402649540064793187e-03 9.999990162866499999e-01 0.000000000000000000e+00 -2.625389999999999926e-07 0.000000000000000000e+00 0.000000000000000000e+00 1.000000000000000000e+00 0.000000000000000000e+00
9.999987950273619974e-01 -1.552399376466775602e-03 0.000000000000000000e+00 -1.172750000000000080e-05 1.552399376466775602e-03 9.999987950273619974e-01 0.000000000000000000e+00 -2.714940000000000090e-07 0.000000000000000000e+00 0.000000000000000000e+00 1.000000000000000000e+00 0.000000000000000000e+00
9.999985511387734505e-01 -1.702269177882254026e-03 0.000000000000000000e+00 -1.173449999999999920e-05 1.702269177882254026e-03 9.999985511387734505e-01 0.000000000000000000e+00 -2.626019999999999847e-07 0.000000000000000000e+00 0.000000000000000000e+00 1.000000000000000000e+00 0.000000000000000000e+00
9.999982850299701242e-01 -1.852008941285997320e-03 0.000000000000000000e+00 -1.174880000000000007e-05 1.852008941285997320e-03 9.999982850299701242e-01 0.000000000000000000e+00 -2.388450000000000188e-07 0.000000000000000000e+00 0.000000000000000000e+00 1.000000000000000000e+00 0.000000000000000000e+00
9.999979963990490717e-01 -2.001798663063693740e-03 0.000000000000000000e+00 -1.175980000000000047e-05 2.001798663063693740e-03 9.999979963990490717e-01 0.000000000000000000e+00 -2.516180000000000234e-07 0.000000000000000000e+00 0.000000000000000000e+00 1.000000000000000000e+00 0.000000000000000000e+00
9.999976853526447718e-01 -2.151578339950091859e-03 0.000000000000000000e+00 -1.177189999999999990e-05 2.151578339950091859e-03 9.999976853526447718e-01 0.000000000000000000e+00 -2.634140000000000054e-07 0.000000000000000000e+00 0.000000000000000000e+00 1.000000000000000000e+00 0.000000000000000000e+00
9.999973515730590234e-01 -2.301487968223600751e-03 0.000000000000000000e+00 -1.177690000000000070e-05 2.301487968223600751e-03 9.999973515730590234e-01 0.000000000000000000e+00 -2.516799999999999878e-07 0.000000000000000000e+00 0.000000000000000000e+00 1.000000000000000000e+00 0.000000000000000000e+00
9.999969958598079467e-01 -2.451177545436722827e-03 0.000000000000000000e+00 -1.179339999999999961e-05 2.451177545436722827e-03 9.999969958598079467e-01 0.000000000000000000e+00 -2.717240000000000051e-07 0.000000000000000000e+00 0.000000000000000000e+00 1.000000000000000000e+00 0.000000000000000000e+00
9.999966171152913086e-01 -2.601107066914256759e-03 0.000000000000000000e+00 -1.179739999999999991e-05 2.601107066914256759e-03 9.999966171152913086e-01 0.000000000000000000e+00 -2.517610000000000003e-07 0.000000000000000000e+00 0.000000000000000000e+00 1.000000000000000000e+00 0.000000000000000000e+00
9.999962165795737157e-01 -2.750786530867433202e-03 0.000000000000000000e+00 -1.181470000000000057e-05 2.750786530867433202e-03 9.999962165795737157e-01 0.000000000000000000e+00 -2.390940000000000100e-07 0.000000000000000000e+00 0.000000000000000000e+00 1.000000000000000000e+00 0.000000000000000000e+00
9.999957935238190654e-01 -2.900505933023450004e-03 0.000000000000000000e+00 -1.182979999999999980e-05 2.900505933023450004e-03 9.999957935238190654e-01 0.000000000000000000e+00 -2.630460000000000117e-07 0.000000000000000000e+00 0.000000000000000000e+00 1.000000000000000000e+00 0.000000000000000000e+00
9.999953475030235461e-01 -3.050405269324098570e-03 0.000000000000000000e+00 -1.183499999999999934e-05 3.050405269324098570e-03 9.999953475030235461e-01 0.000000000000000000e+00 -2.519190000000000206e-07 0.000000000000000000e+00 0.000000000000000000e+00 1.000000000000000000e+00 0.000000000000000000e+00
9.999948794603555902e-01 -3.200164537799017259e-03 0.000000000000000000e+00 -1.184829999999999971e-05 3.200164537799017259e-03 9.999948794603555902e-01 0.000000000000000000e+00 -2.556510000000000173e-07 0.000000000000000000e+00 0.000000000000000000e+00 1.000000000000000000e+00 0.000000000000000000e+00
9.999943886212471211e-01 -3.350033733883229885e-03 0.000000000000000000e+00 -1.185500000000000085e-05 3.350033733883229885e-03 9.999943886212471211e-01 0.000000000000000000e+00 -2.521050000000000198e-07 0.000000000000000000e+00 0.000000000000000000e+00 1.000000000000000000e+00 0.000000000000000000e+00
9.999938756712332122e-01 -3.499802855334729033e-03 0.000000000000000000e+00 -1.186769999999999989e-05 3.499802855334729033e-03 9.999938756712332122e-01 0.000000000000000000e+00 -2.679900000000000062e-07 0.000000000000000000e+00 0.000000000000000000e+00 1.000000000000000000e+00 0.000000000000000000e+00
9.999933399618382568e-01 -3.649661897682576501e-03 0.000000000000000000e+00 -1.187519999999999940e-05 3.649661897682576501e-03 9.999933399618382568e-01 0.000000000000000000e+00 -2.632449999999999991e-07 0.000000000000000000e+00 0.000000000000000000e+00 1.000000000000000000e+00 0.000000000000000000e+00
9.999927824784708985e-01 -3.799340859365461179e-03 0.000000000000000000e+00 -1.189260000000000028e-05 3.799340859365461179e-03 9.999927824784708985e-01 0.000000000000000000e+00 -2.523120000000000163e-07 0.000000000000000000e+00 0.000000000000000000e+00 1.000000000000000000e+00 0.000000000000000000e+00
9.999922019593068256e-01 -3.949179734679888684e-03 0.000000000000000000e+00 -1.190089999999999985e-05 3.949179734679888684e-03 9.999922019593068256e-01 0.000000000000000000e+00 -2.522470000000000220e-07 0.000000000000000000e+00 0.000000000000000000e+00 1.000000000000000000e+00 0.000000000000000000e+00
9.999915990292825851e-01 -4.099008521411240911e-03 0.000000000000000000e+00 -1.191030000000000013e-05 4.099008521411240911e-03 9.999915990292825851e-01 0.000000000000000000e+00 -2.417589999999999879e-07 0.000000000000000000e+00 0.000000000000000000e+00 1.000000000000000000e+00 0.000000000000000000e+00
9.999909741602711621e-01 -4.248717217206965033e-03 0.000000000000000000e+00 -1.192580000000000024e-05 4.248717217206965033e-03 9.999909741602711621e-01 0.000000000000000000e+00 -2.684859999999999863e-07 0.000000000000000000e+00 0.000000000000000000e+00 1.000000000000000000e+00 0.000000000000000000e+00
9.999903270543143430e-01 -4.398385818162754007e-03 0.000000000000000000e+00 -1.194389999999999927e-05 4.398385818162754007e-03 9.999903270543143430e-01 0.000000000000000000e+00 -2.628029999999999744e-07 0.000000000000000000e+00 0.000000000000000000e+00 1.000000000000000000e+00 0.000000000000000000e+00
9.999896548639392035e-01 -4.548644314486984322e-03 0.000000000000000000e+00 1.402940000000000090e-04 4.548644314486984322e-03 9.999896548639392035e-01 0.000000000000000000e+00 4.724050000000000006e-07 0.000000000000000000e+00 0.000000000000000000e+00 1.000000000000000000e+00 0.000000000000000000e+00
9.999889616463135678e-01 -4.698572711754528397e-03 0.000000000000000000e+00 4.673650000000000222e-04 4.698572711754528397e-03 9.999889616463135678e-01 0.000000000000000000e+00 1.972040000000000181e-06 0.000000000000000000e+00 0.000000000000000000e+00 1.000000000000000000e+00 0.000000000000000000e+00
9.999882461923549348e-01 -4.848451003990530278e-03 0.000000000000000000e+00 7.960110000000000059e-04 4.848451003990530278e-03 9.999882461923549348e-01 0.000000000000000000e+00 3.526399999999999813e-06 0.000000000000000000e+00 0.000000000000000000e+00 1.000000000000000000e+00 0.000000000000000000e+00
9.999875086245266775e-01 -4.998259188185268272e-03 0.000000000000000000e+00 1.124650000000000042e-03 4.998259188185268272e-03 9.999875086245266775e-01 0.000000000000000000e+00 5.117930000000000142e-06 0.000000000000000000e+00 0.000000000000000000e+00 1.000000000000000000e+00 0.000000000000000000e+00
9.999867458853265445e-01 -5.148597253179936634e-03 0.000000000000000000e+00 1.621700000000000008e-03 5.148597253179936634e-03 9.999867458853265445e-01 0.000000000000000000e+00 7.717330000000000191e-06 0.000000000000000000e+00 0.000000000000000000e+00 1.000000000000000000e+00 0.000000000000000000e+00
9.999859637764747511e-01 -5.298325210368498225e-03 0.000000000000000000e+00 2.129209999999999870e-03 5.298325210368498225e-03 9.999859637764747511e-01 0.000000000000000000e+00 1.032970000000000039e-05 0.000000000000000000e+00 0.000000000000000000e+00 1.000000000000000000e+00 0.000000000000000000e+00
9.999851622451428890e-01 -5.447503056935109646e-03 0.000000000000000000e+00 3.126299999999999826e-03 5.447503056935109646e-03 9.999851622451428890e-01 0.000000000000000000e+00 1.555809999999999932e-05 0.000000000000000000e+00 0.000000000000000000e+00 1.000000000000000000e+00 0.000000000000000000e+00
9.999843373960813908e-01 -5.596870779293531065e-03 0.000000000000000000e+00 4.774800000000000051e-03 5.596870779293531065e-03 9.999843373960813908e-01 0.000000000000000000e+00 2.458600000000000143e-05 0.000000000000000000e+00 0.000000000000000000e+00 1.000000000000000000e+00 0.000000000000000000e+00
9.999834919023395940e-01 -5.745948381565537701e-03 0.000000000000000000e+00 6.576819999999999715e-03 5.745948381565537701e-03 9.999834919023395940e-01 0.000000000000000000e+00 3.468080000000000175e-05 0.000000000000000000e+00 0.000000000000000000e+00 1.000000000000000000e+00 0.000000000000000000e+00
9.999826248915141269e-01 -5.894905858219779728e-03 0.000000000000000000e+00 8.543759999999999202e-03 5.894905858219779728e-03 9.999826248915141269e-01 0.000000000000000000e+00 4.598810000000000105e-05 0.000000000000000000e+00 0.000000000000000000e+00 1.000000000000000000e+00 0.000000000000000000e+00
9.999817306147948948e-01 -6.044703188727323061e-03 0.000000000000000000e+00 1.029350000000000057e-02 6.044703188727323061e-03 9.999817306147948948e-01 0.000000000000000000e+00 5.633689999999999927e-05 0.000000000000000000e+00 0.000000000000000000e+00 1.000000000000000000e+00 0.000000000000000000e+00
9.999808248611448125e-01 -6.192730417541184376e-03 0.000000000000000000e+00 1.242569999999999959e-02 6.192730417541184376e-03 9.999808248611448125e-01 0.000000000000000000e+00 6.907220000000000590e-05 0.000000000000000000e+00 0.000000000000000000e+00 1.000000000000000000e+00 0.000000000000000000e+00
9.999798932001584539e-01 -6.341387497988455572e-03 0.000000000000000000e+00 1.517650000000000075e-02 6.341387497988455572e-03 9.999798932001584539e-01 0.000000000000000000e+00 8.614470000000000211e-05 0.000000000000000000e+00 0.000000000000000000e+00 1.000000000000000000e+00 0.000000000000000000e+00
9.999789417761720811e-01 -6.489684445873739743e-03 0.000000000000000000e+00 1.822220000000000090e-02 6.489684445873739743e-03 9.999789417761720811e-01 0.000000000000000000e+00 1.054640000000000053e-04 0.000000000000000000e+00 0.000000000000000000e+00 1.000000000000000000e+00 0.000000000000000000e+00
9.999779675631939035e-01 -6.638101248388263501e-03 0.000000000000000000e+00 2.119069999999999981e-02 6.638101248388263501e-03 9.999779675631939035e-01 0.000000000000000000e+00 1.247520000000000009e-04 0.000000000000000000e+00 0.000000000000000000e+00 1.000000000000000000e+00 0.000000000000000000e+00
9.999769586975516544e-01 -6.788377861830318001e-03 0.000000000000000000e+00 2.416159999999999836e-02 6.788377861830318001e-03 9.999769586975516544e-01 0.000000000000000000e+00 1.444999999999999887e-04 0.000000000000000000e+00 0.000000000000000000e+00 1.000000000000000000e+00 0.000000000000000000e+00
9.999759540241075495e-01 -6.934794414832253819e-03 0.000000000000000000e+00 2.761800000000000019e-02 6.934794414832253819e-03 9.999759540241075495e-01 0.000000000000000000e+00 1.676629999999999971e-04 0.000000000000000000e+00 0.000000000000000000e+00 1.000000000000000000e+00 0.000000000000000000e+00
9.999749164394887702e-01 -7.082830778534330782e-03 0.000000000000000000e+00 3.139390000000000236e-02 7.082830778534330782e-03 9.999749164394887702e-01 0.000000000000000000e+00 1.939069999999999986e-04 0.000000000000000000e+00 0.000000000000000000e+00 1.000000000000000000e+00 0.000000000000000000e+00
9.999738613502211493e-01 -7.230257002956133085e-03 0.000000000000000000e+00 3.533109999999999723e-02 7.230257002956133085e-03 9.999738613502211493e-01 0.000000000000000000e+00 2.217610000000000067e-04 0.000000000000000000e+00 0.000000000000000000e+00 1.000000000000000000e+00 0.000000000000000000e+00
9.999727843783627890e-01 -7.377703069679613854e-03 0.000000000000000000e+00 3.941000000000000059e-02 7.377703069679613854e-03 9.999727843783627890e-01 0.000000000000000000e+00 2.512510000000000242e-04 0.000000000000000000e+00 0.000000000000000000e+00 1.000000000000000000e+00 0.000000000000000000e+00
9.999716903309938676e-01 -7.524528993554186786e-03 0.000000000000000000e+00 4.349220000000000169e-02 7.524528993554186786e-03 9.999716903309938676e-01 0.000000000000000000e+00 2.812599999999999736e-04 0.000000000000000000e+00 0.000000000000000000e+00 1.000000000000000000e+00 0.000000000000000000e+00
9.999705895290387225e-01 -7.669424811983565661e-03 0.000000000000000000e+00 4.769740000000000091e-02 7.669424811983565661e-03 9.999705895290387225e-01 0.000000000000000000e+00 3.124509999999999939e-04 0.000000000000000000e+00 0.000000000000000000e+00 1.000000000000000000e+00 0.000000000000000000e+00
9.999696926029785216e-01 -7.785491346387404289e-03 0.000000000000000000e+00 5.208480000000000054e-02 7.785491346387404289e-03 9.999696926029785216e-01 0.000000000000000000e+00 3.401589999999999800e-04 0.000000000000000000e+00 0.000000000000000000e+00 1.000000000000000000e+00 0.000000000000000000e+00
9.999686263503545502e-01 -7.921257159378105456e-03 0.000000000000000000e+00 5.627050000000000107e-02 7.921257159378105456e-03 9.999686263503545502e-01 0.000000000000000000e+00 3.707040000000000205e-04 0.000000000000000000e+00 0.000000000000000000e+00 1.000000000000000000e+00 0.000000000000000000e+00
9.999673460688035531e-01 -8.081262037192884704e-03 0.000000000000000000e+00 6.045699999999999685e-02 8.081262037192884704e-03 9.999673460688035531e-01 0.000000000000000000e+00 4.065510000000000044e-04 0.000000000000000000e+00 0.000000000000000000e+00 1.000000000000000000e+00 0.000000000000000000e+00
9.999661119283906885e-01 -8.232557003578989258e-03 0.000000000000000000e+00 6.504409999999999359e-02 8.232557003578989258e-03 9.999661119283906885e-01 0.000000000000000000e+00 4.446470000000000001e-04 0.000000000000000000e+00 0.000000000000000000e+00 1.000000000000000000e+00 0.000000000000000000e+00
9.999648926142721272e-01 -8.379351939576043864e-03 0.000000000000000000e+00 6.987569999999999892e-02 8.379351939576043864e-03 9.999648926142721272e-01 0.000000000000000000e+00 4.846189999999999895e-04 0.000000000000000000e+00 0.000000000000000000e+00 1.000000000000000000e+00 0.000000000000000000e+00
9.999636591680393094e-01 -8.525276726615802284e-03 0.000000000000000000e+00 7.505939999999999834e-02 8.525276726615802284e-03 9.999636591680393094e-01 0.000000000000000000e+00 5.281590000000000503e-04 0.000000000000000000e+00 0.000000000000000000e+00 1.000000000000000000e+00 0.000000000000000000e+00
9.999624001780067495e-01 -8.671691313682106800e-03 0.000000000000000000e+00 8.076049999999999895e-02 8.671691313682106800e-03 9.999624001780067495e-01 0.000000000000000000e+00 5.768219999999999468e-04 0.000000000000000000e+00 0.000000000000000000e+00 1.000000000000000000e+00 0.000000000000000000e+00
9.999611294492753988e-01 -8.817005757600551025e-03 0.000000000000000000e+00 8.677719999999999878e-02 8.817005757600551025e-03 9.999611294492753988e-01 0.000000000000000000e+00 6.291709999999999837e-04 0.000000000000000000e+00 0.000000000000000000e+00 1.000000000000000000e+00 0.000000000000000000e+00
9.999598482679151745e-01 -8.961130063109237764e-03 0.000000000000000000e+00 9.365489999999999926e-02 8.961130063109237764e-03 9.999598482679151745e-01 0.000000000000000000e+00 6.899459999999999838e-04 0.000000000000000000e+00 0.000000000000000000e+00 1.000000000000000000e+00 0.000000000000000000e+00
9.999585570574360815e-01 -9.104074231373285309e-03 0.000000000000000000e+00 1.016949999999999937e-01 9.104074231373285309e-03 9.999585570574360815e-01 0.000000000000000000e+00 7.620679999999999685e-04 0.000000000000000000e+00 0.000000000000000000e+00 1.000000000000000000e+00 0.000000000000000000e+00
9.999572256221926914e-01 -9.249158122082294306e-03 0.000000000000000000e+00 1.101570000000000049e-01 9.249158122082294306e-03 9.999572256221926914e-01 0.000000000000000000e+00 8.391219999999999799e-04 0.000000000000000000e+00 0.000000000000000000e+00 1.000000000000000000e+00 0.000000000000000000e+00
9.999558426001746714e-01 -9.397491674624352045e-03 0.000000000000000000e+00 1.187349999999999933e-01 9.397491674624352045e-03 9.999558426001746714e-01 0.000000000000000000e+00 9.184939999999999511e-04 0.000000000000000000e+00 0.000000000000000000e+00 1.000000000000000000e+00 0.000000000000000000e+00
9.999544457834126376e-01 -9.544965059557057943e-03 0.000000000000000000e+00 1.275729999999999920e-01 9.544965059557057943e-03 9.999544457834126376e-01 0.000000000000000000e+00 1.001579999999999962e-03 0.000000000000000000e+00 0.000000000000000000e+00 1.000000000000000000e+00 0.000000000000000000e+00
9.999530573559380908e-01 -9.689328382921913452e-03 0.000000000000000000e+00 1.361509999999999942e-01 9.689328382921913452e-03 9.999530573559380908e-01 0.000000000000000000e+00 1.083470000000000006e-03 0.000000000000000000e+00 0.000000000000000000e+00 1.000000000000000000e+00 0.000000000000000000e+00
9.999516879049947793e-01 -9.829641700079647104e-03 0.000000000000000000e+00 1.447299999999999975e-01 9.829641700079647104e-03 9.999516879049947793e-01 0.000000000000000000e+00 1.166539999999999981e-03 0.000000000000000000e+00 0.000000000000000000e+00 1.000000000000000000e+00 0.000000000000000000e+00
9.999503224909608301e-01 -9.967574941955366016e-03 0.000000000000000000e+00 1.535590000000000011e-01 9.967574941955366016e-03 9.999503224909608301e-01 0.000000000000000000e+00 1.252960000000000011e-03 0.000000000000000000e+00 0.000000000000000000e+00 1.000000000000000000e+00 0.000000000000000000e+00
9.999489125813733059e-01 -1.010802786546541321e-02 0.000000000000000000e+00 1.621239999999999903e-01 1.010802786546541321e-02 9.999489125813733059e-01 0.000000000000000000e+00 1.338489999999999906e-03 0.000000000000000000e+00 0.000000000000000000e+00 1.000000000000000000e+00 0.000000000000000000e+00
9.999474886827744990e-01 -1.024792061896200555e-02 0.000000000000000000e+00 1.707029999999999936e-01 1.024792061896200555e-02 9.999474886827744990e-01 0.000000000000000000e+00 1.425220000000000046e-03 0.000000000000000000e+00 0.000000000000000000e+00 1.000000000000000000e+00 0.000000000000000000e+00
9.999460036539412622e-01 -1.039181295598393291e-02 0.000000000000000000e+00 1.795420000000000071e-01 1.039181295598393291e-02 9.999460036539412622e-01 0.000000000000000000e+00 1.515749999999999953e-03 0.000000000000000000e+00 0.000000000000000000e+00 1.000000000000000000e+00 0.000000000000000000e+00
9.999444652535256495e-01 -1.053880490571332783e-02 0.000000000000000000e+00 1.881210000000000104e-01 1.053880490571332783e-02 9.999444652535256495e-01 0.000000000000000000e+00 1.604890000000000093e-03 0.000000000000000000e+00 0.000000000000000000e+00 1.000000000000000000e+00 0.000000000000000000e+00
9.999428753211597742e-01 -1.068859646780248238e-02 0.000000000000000000e+00 1.966990000000000127e-01 1.068859646780248238e-02 9.999428753211597742e-01 0.000000000000000000e+00 1.695289999999999905e-03 0.000000000000000000e+00 0.000000000000000000e+00 1.000000000000000000e+00 0.000000000000000000e+00
9.999412629500358252e-01 -1.083838779003910499e-02 0.000000000000000000e+00 2.055369999999999975e-01 1.083838779003910499e-02 9.999412629500358252e-01 0.000000000000000000e+00 1.789779999999999930e-03 0.000000000000000000e+00 0.000000000000000000e+00 1.000000000000000000e+00 0.000000000000000000e+00
9.999396292390029251e-01 -1.098807887509900376e-02 0.000000000000000000e+00 2.141149999999999998e-01 1.098807887509900376e-02 9.999396292390029251e-01 0.000000000000000000e+00 1.882790000000000071e-03 0.000000000000000000e+00 0.000000000000000000e+00 1.000000000000000000e+00 0.000000000000000000e+00
9.999379697778569831e-01 -1.113806969530650205e-02 0.000000000000000000e+00 2.226930000000000021e-01 1.113806969530650205e-02 9.999379697778569831e-01 0.000000000000000000e+00 1.977109999999999805e-03 0.000000000000000000e+00 0.000000000000000000e+00 1.000000000000000000e+00 0.000000000000000000e+00
9.999362923332509867e-01 -1.128766029039140160e-02 0.000000000000000000e+00 2.315309999999999868e-01 1.128766029039140160e-02 9.999362923332509867e-01 0.000000000000000000e+00 2.075609999999999868e-03 0.000000000000000000e+00 0.000000000000000000e+00 1.000000000000000000e+00 0.000000000000000000e+00
9.999346393942338818e-01 -1.143315090093124757e-02 0.000000000000000000e+00 2.401099999999999901e-01 1.143315090093124757e-02 9.999346393942338818e-01 0.000000000000000000e+00 2.172400000000000112e-03 0.000000000000000000e+00 0.000000000000000000e+00 1.000000000000000000e+00 0.000000000000000000e+00
9.999330544122453368e-01 -1.157094178525255521e-02 0.000000000000000000e+00 2.486879999999999924e-01 1.157094178525255521e-02 9.999330544122453368e-01 0.000000000000000000e+00 2.270419999999999990e-03 0.000000000000000000e+00 0.000000000000000000e+00 1.000000000000000000e+00 0.000000000000000000e+00
9.999314808820125577e-01 -1.170613262804437796e-02 0.000000000000000000e+00 2.575160000000000227e-01 1.170613262804437796e-02 9.999314808820125577e-01 0.000000000000000000e+00 2.372200000000000090e-03 0.000000000000000000e+00 0.000000000000000000e+00 1.000000000000000000e+00 0.000000000000000000e+00
9.999298606519366750e-01 -1.184372308855900433e-02 0.000000000000000000e+00 2.660819999999999852e-01 1.184372308855900433e-02 9.999298606519366750e-01 0.000000000000000000e+00 2.472620000000000026e-03 0.000000000000000000e+00 0.000000000000000000e+00 1.000000000000000000e+00 0.000000000000000000e+00
9.999281891362381547e-01 -1.198401313098176879e-02 0.000000000000000000e+00 2.746609999999999885e-01 1.198401313098176879e-02 9.999281891362381547e-01 0.000000000000000000e+00 2.574240000000000209e-03 0.000000000000000000e+00 0.000000000000000000e+00 1.000000000000000000e+00 0.000000000000000000e+00
9.999263827118636261e-01 -1.213380223869329685e-02 0.000000000000000000e+00 2.834999999999999742e-01 1.213380223869329685e-02 9.999263827118636261e-01 0.000000000000000000e+00 2.680150000000000067e-03 0.000000000000000000e+00 0.000000000000000000e+00 1.000000000000000000e+00 0.000000000000000000e+00
9.999245489355845784e-01 -1.228399104394237683e-02 0.000000000000000000e+00 2.920780000000000043e-01 1.228399104394237683e-02 9.999245489355845784e-01 0.000000000000000000e+00 2.784229999999999951e-03 0.000000000000000000e+00 0.000000000000000000e+00 1.000000000000000000e+00 0.000000000000000000e+00
9.999226926009678884e-01 -1.243417957206412530e-02 0.000000000000000000e+00 3.006559999999999788e-01 1.243417957206412530e-02 9.999226926009678884e-01 0.000000000000000000e+00 2.889609999999999922e-03 0.000000000000000000e+00 0.000000000000000000e+00 1.000000000000000000e+00 0.000000000000000000e+00
9.999208111911616070e-01 -1.258456780383277775e-02 0.000000000000000000e+00 3.094939999999999913e-01 1.258456780383277775e-02 9.999208111911616070e-01 0.000000000000000000e+00 2.999540000000000192e-03 0.000000000000000000e+00 0.000000000000000000e+00 1.000000000000000000e+00 0.000000000000000000e+00
9.999189058894861759e-01 -1.273505574282714561e-02 0.000000000000000000e+00 3.180720000000000214e-01 1.273505574282714561e-02 9.999189058894861759e-01 0.000000000000000000e+00 3.107540000000000215e-03 0.000000000000000000e+00 0.000000000000000000e+00 1.000000000000000000e+00 0.000000000000000000e+00
9.999169895359816262e-01 -1.288464346808395472e-02 0.000000000000000000e+00 3.266499999999999959e-01 1.288464346808395472e-02 9.999169895359816262e-01 0.000000000000000000e+00 3.216880000000000087e-03 0.000000000000000000e+00 0.000000000000000000e+00 1.000000000000000000e+00 0.000000000000000000e+00
9.999150612312396325e-01 -1.303343097293556581e-02 0.000000000000000000e+00 3.354880000000000084e-01 1.303343097293556581e-02 9.999150612312396325e-01 0.000000000000000000e+00 3.330800000000000080e-03 0.000000000000000000e+00 0.000000000000000000e+00 1.000000000000000000e+00 0.000000000000000000e+00
9.999131450573259805e-01 -1.317961841507565152e-02 0.000000000000000000e+00 3.440659999999999830e-01 1.317961841507565152e-02 9.999131450573259805e-01 0.000000000000000000e+00 3.442619999999999968e-03 0.000000000000000000e+00 0.000000000000000000e+00 1.000000000000000000e+00 0.000000000000000000e+00
9.999113407188889857e-01 -1.331580646276753904e-02 0.000000000000000000e+00 3.526440000000000130e-01 1.331580646276753904e-02 9.999113407188889857e-01 0.000000000000000000e+00 3.555519999999999948e-03 0.000000000000000000e+00 0.000000000000000000e+00 1.000000000000000000e+00 0.000000000000000000e+00
9.999095649075121495e-01 -1.344849458005056321e-02 0.000000000000000000e+00 3.614709999999999868e-01 1.344849458005056321e-02 9.999095649075121495e-01 0.000000000000000000e+00 3.672700000000000096e-03 0.000000000000000000e+00 0.000000000000000000e+00 1.000000000000000000e+00 0.000000000000000000e+00
9.999077402490734734e-01 -1.358348224835364410e-02 0.000000000000000000e+00 3.700379999999999781e-01 1.358348224835364410e-02 9.999077402490734734e-01 0.000000000000000000e+00 3.788029999999999956e-03 0.000000000000000000e+00 0.000000000000000000e+00 1.000000000000000000e+00 0.000000000000000000e+00
9.999057944506714035e-01 -1.372596896294211652e-02 0.000000000000000000e+00 3.786160000000000081e-01 1.372596896294211652e-02 9.999057944506714035e-01 0.000000000000000000e+00 3.904589999999999884e-03 0.000000000000000000e+00 0.000000000000000000e+00 1.000000000000000000e+00 0.000000000000000000e+00
9.999037243063945146e-01 -1.387595467713012044e-02 0.000000000000000000e+00 3.874549999999999939e-01 1.387595467713012044e-02 9.999037243063945146e-01 0.000000000000000000e+00 4.025899999999999791e-03 0.000000000000000000e+00 0.000000000000000000e+00 1.000000000000000000e+00 0.000000000000000000e+00
9.999016288590758528e-01 -1.402614005943519579e-02 0.000000000000000000e+00 3.960330000000000239e-01 1.402614005943519579e-02 9.999016288590758528e-01 0.000000000000000000e+00 4.144929999999999795e-03 0.000000000000000000e+00 0.000000000000000000e+00 1.000000000000000000e+00 0.000000000000000000e+00
9.998995108539364685e-01 -1.417632512530998985e-02 0.000000000000000000e+00 4.046109999999999984e-01 1.417632512530998985e-02 9.998995108539364685e-01 0.000000000000000000e+00 4.265259999999999885e-03 0.000000000000000000e+00 0.000000000000000000e+00 1.000000000000000000e+00 0.000000000000000000e+00
9.998973702910242123e-01 -1.432650987136632401e-02 0.000000000000000000e+00 4.134490000000000109e-01 1.432650987136632401e-02 9.998973702910242123e-01 0.000000000000000000e+00 4.390579999999999830e-03 0.000000000000000000e+00 0.000000000000000000e+00 1.000000000000000000e+00 0.000000000000000000e+00
9.998952100657062525e-01 -1.447649431517430106e-02 0.000000000000000000e+00 4.220269999999999855e-01 1.447649431517430106e-02 9.998952100657062525e-01 0.000000000000000000e+00 4.513569999999999735e-03 0.000000000000000000e+00 0.000000000000000000e+00 1.000000000000000000e+00 0.000000000000000000e+00
9.998930361184530380e-01 -1.462587849744211542e-02 0.000000000000000000e+00 4.306039999999999868e-01 1.462587849744211542e-02 9.998930361184530380e-01 0.000000000000000000e+00 4.637800000000000082e-03 0.000000000000000000e+00 0.000000000000000000e+00 1.000000000000000000e+00 0.000000000000000000e+00
9.998908531505585895e-01 -1.477436245149320836e-02 0.000000000000000000e+00 4.394419999999999993e-01 1.477436245149320836e-02 9.998908531505585895e-01 0.000000000000000000e+00 4.767109999999999750e-03 0.000000000000000000e+00 0.000000000000000000e+00 1.000000000000000000e+00 0.000000000000000000e+00
9.963866090466895198e-01 -8.493365241433799284e-02 0.000000000000000000e+00 5.431789999999999674e-01 8.493365241433799284e-02 9.963866090466895198e-01 0.000000000000000000e+00 8.275100000000000511e-03 0.000000000000000000e+00 0.000000000000000000e+00 1.000000000000000000e+00 0.000000000000000000e+00
9.929714731195486976e-01 -1.183539334825560174e-01 0.000000000000000000e+00 5.601730000000000320e-01 1.183539334825560174e-01 9.929714731195486976e-01 0.000000000000000000e+00 1.001200000000000007e-02 0.000000000000000000e+00 0.000000000000000000e+00 1.000000000000000000e+00 0.000000000000000000e+00
9.903472836847684313e-01 -1.386082887067034974e-01 0.000000000000000000e+00 5.688910000000000355e-01 1.386082887067034974e-01 9.903472836847684313e-01 0.000000000000000000e+00 1.113940000000000069e-02 0.000000000000000000e+00 0.000000000000000000e+00 1.000000000000000000e+00 0.000000000000000000e+00
9.868609874687717110e-01 -1.615716293541682724e-01 0.000000000000000000e+00 5.773700000000000498e-01 1.615716293541682724e-01 9.868609874687717110e-01 0.000000000000000000e+00 1.242749999999999931e-02 0.000000000000000000e+00 0.000000000000000000e+00 1.000000000000000000e+00 0.000000000000000000e+00
9.825630453607530068e-01 -1.859297229907119764e-01 0.000000000000000000e+00 5.858280000000000154e-01 1.859297229907119764e-01 9.825630453607530068e-01 0.000000000000000000e+00 1.392080000000000053e-02 0.000000000000000000e+00 0.000000000000000000e+00 1.000000000000000000e+00 0.000000000000000000e+00
9.771977471435110418e-01 -2.123312576556892484e-01 0.000000000000000000e+00 5.945219999999999949e-01 2.123312576556892484e-01 9.771977471435110418e-01 0.000000000000000000e+00 1.568829999999999877e-02 0.000000000000000000e+00 0.000000000000000000e+00 1.000000000000000000e+00 0.000000000000000000e+00
9.714725960967592888e-01 -2.371518396155146147e-01 0.000000000000000000e+00 6.028339999999999810e-01 2.371518396155146147e-01 9.714725960967592888e-01 0.000000000000000000e+00 1.760760000000000103e-02 0.000000000000000000e+00 0.000000000000000000e+00 1.000000000000000000e+00 0.000000000000000000e+00
9.645068362221530522e-01 -2.640578778993969422e-01 0.000000000000000000e+00 6.112300000000000511e-01 2.640578778993969422e-01 9.645068362221530522e-01 0.000000000000000000e+00 1.977889999999999857e-02 0.000000000000000000e+00 0.000000000000000000e+00 1.000000000000000000e+00 0.000000000000000000e+00
9.557428088050625714e-01 -2.942034728167049473e-01 0.000000000000000000e+00 6.198219999999999841e-01 2.942034728167049473e-01 9.557428088050625714e-01 0.000000000000000000e+00 2.227420000000000094e-02 0.000000000000000000e+00 0.000000000000000000e+00 1.000000000000000000e+00 0.000000000000000000e+00
9.460932066241370952e-01 -3.238944957538762992e-01 0.000000000000000000e+00 6.279620000000000202e-01 3.238944957538762992e-01 9.460932066241370952e-01 0.000000000000000000e+00 2.490989999999999871e-02 0.000000000000000000e+00 0.000000000000000000e+00 1.000000000000000000e+00 0.000000000000000000e+00
9.352336026574433747e-01 -3.540312252618111333e-01 0.000000000000000000e+00 6.359000000000000208e-01 3.540312252618111333e-01 9.352336026574433747e-01 0.000000000000000000e+00 2.777160000000000045e-02 0.000000000000000000e+00 0.000000000000000000e+00 1.000000000000000000e+00 0.000000000000000000e+00
9.227292852273439872e-01 -3.854486557037589134e-01 0.000000000000000000e+00 6.438610000000000166e-01 3.854486557037589134e-01 9.227292852273439872e-01 0.000000000000000000e+00 3.094260000000000066e-02 0.000000000000000000e+00 0.000000000000000000e+00 1.000000000000000000e+00 0.000000000000000000e+00
9.095642698826560402e-01 -4.155632791198360376e-01 0.000000000000000000e+00 6.514739999999999975e-01 4.155632791198360376e-01 9.095642698826560402e-01 0.000000000000000000e+00 3.427310000000000079e-02 0.000000000000000000e+00 0.000000000000000000e+00 1.000000000000000000e+00 0.000000000000000000e+00
8.953851222637936313e-01 -4.452925811515968113e-01 0.000000000000000000e+00 6.589639999999999942e-01 4.452925811515968113e-01 8.953851222637936313e-01 0.000000000000000000e+00 3.784799999999999970e-02 0.000000000000000000e+00 0.000000000000000000e+00 1.000000000000000000e+00 0.000000000000000000e+00
7.468851295676298685e-01 -6.649530834808909940e-01 0.000000000000000000e+00 7.143469999999999542e-01 6.649530834808909940e-01 7.468851295676298685e-01 0.000000000000000000e+00 7.530439999999999356e-02 0.000000000000000000e+00 0.000000000000000000e+00 1.000000000000000000e+00 0.000000000000000000e+00
2.746313855457663822e-01 -9.615495837829750592e-01 0.000000000000000000e+00 7.894419999999999771e-01 9.615495837829750592e-01 2.746313855457663822e-01 0.000000000000000000e+00 1.940270000000000050e-01 0.000000000000000000e+00 0.000000000000000000e+00 1.000000000000000000e+00 0.000000000000000000e+00
-1.045423050982439983e-01 -9.945204404358644057e-01 0.000000000000000000e+00 7.983040000000000136e-01 9.945204404358644057e-01 -1.045423050982439983e-01 0.000000000000000000e+00 3.281950000000000145e-01 0.000000000000000000e+00 0.000000000000000000e+00 1.000000000000000000e+00 0.000000000000000000e+00
-1.201923882024314161e-01 -9.927506181404250896e-01 0.000000000000000000e+00 7.973609999999999864e-01 9.927506181404250896e-01 -1.201923882024314161e-01 0.000000000000000000e+00 3.365099999999999758e-01 0.000000000000000000e+00 0.000000000000000000e+00 1.000000000000000000e+00 0.000000000000000000e+00
-1.344354049342497692e-01 -9.909223591685497601e-01 0.000000000000000000e+00 7.962470000000000381e-01 9.909223591685497601e-01 -1.344354049342497692e-01 0.000000000000000000e+00 3.451759999999999828e-01 0.000000000000000000e+00 0.000000000000000000e+00 1.000000000000000000e+00 0.000000000000000000e+00
-1.474243629931143162e-01 -9.890733325674464504e-01 0.000000000000000000e+00 7.950540000000000385e-01 9.890733325674464504e-01 -1.474243629931143162e-01 0.000000000000000000e+00 3.535490000000000022e-01 0.000000000000000000e+00 0.000000000000000000e+00 1.000000000000000000e+00 0.000000000000000000e+00
-1.721813587342205798e-01 -9.850652667231941662e-01 0.000000000000000000e+00 7.922970000000000290e-01 9.850652667231941662e-01 -1.721813587342205798e-01 0.000000000000000000e+00 3.705269999999999953e-01 0.000000000000000000e+00 0.000000000000000000e+00 1.000000000000000000e+00 0.000000000000000000e+00
-1.835962753339442644e-01 -9.830017333064589025e-01 0.000000000000000000e+00 7.907880000000000464e-01 9.830017333064589025e-01 -1.835962753339442644e-01 0.000000000000000000e+00 3.788750000000000173e-01 0.000000000000000000e+00 0.000000000000000000e+00 1.000000000000000000e+00 0.000000000000000000e+00
-2.034532675013696890e-01 -9.790846582104205664e-01 0.000000000000000000e+00 7.874499999999999833e-01 9.790846582104205664e-01 -2.034532675013696890e-01 0.000000000000000000e+00 3.957890000000000019e-01 0.000000000000000000e+00 0.000000000000000000e+00 1.000000000000000000e+00 0.000000000000000000e+00
-2.132435483263046827e-01 -9.769990732325219973e-01 0.000000000000000000e+00 7.856809999999999627e-01 9.769990732325219973e-01 -2.132435483263046827e-01 0.000000000000000000e+00 4.040929999999999800e-01 0.000000000000000000e+00 0.000000000000000000e+00 1.000000000000000000e+00 0.000000000000000000e+00
-2.328951831387114646e-01 -9.725018425025148128e-01 0.000000000000000000e+00 7.818349999999999467e-01 9.725018425025148128e-01 -2.328951831387114646e-01 0.000000000000000000e+00 4.208970000000000211e-01 0.000000000000000000e+00 0.000000000000000000e+00 1.000000000000000000e+00 0.000000000000000000e+00
-2.426180960497064942e-01 -9.701218786674257188e-01 0.000000000000000000e+00 7.798159999999999537e-01 9.701218786674257188e-01 -2.426180960497064942e-01 0.000000000000000000e+00 4.291440000000000254e-01 0.000000000000000000e+00 0.000000000000000000e+00 1.000000000000000000e+00 0.000000000000000000e+00
