9.999540069038849177e-01 -9.590832959927483511e-03 0.000000000000000000e+00 -8.112959999999999283e+00 9.590832959927483511e-03 9.999540069038849177e-01 0.000000000000000000e+00 -3.353849999999999800e-03 0.000000000000000000e+00 0.000000000000000000e+00 1.000000000000000000e+00 0.000000000000000000e+00
9.999533495176565756e-01 -9.659129796175827329e-03 0.000000000000000000e+00 -8.109780000000000655e+00 9.659129796175827329e-03 9.999533495176565756e-01 0.000000000000000000e+00 -3.323790000000000078e-03 0.000000000000000000e+00 0.000000000000000000e+00 1.000000000000000000e+00 0.000000000000000000e+00
9.999483988191814055e-01 -1.015872526232027701e-02 0.000000000000000000e+00 -8.095250000000000057e+00 1.015872526232027701e-02 9.999483988191814055e-01 0.000000000000000000e+00 -3.045860000000000060e-03 0.000000000000000000e+00 0.000000000000000000e+00 1.000000000000000000e+00 0.000000000000000000e+00
9.999411013470592691e-01 -1.085328691365339444e-02 0.000000000000000000e+00 -8.084130000000000038e+00 1.085328691365339444e-02 9.999411013470592691e-01 0.000000000000000000e+00 -2.797940000000000062e-03 0.000000000000000000e+00 0.000000000000000000e+00 1.000000000000000000e+00 0.000000000000000000e+00
9.999370822631397093e-01 -1.121746473491424048e-02 0.000000000000000000e+00 -8.053029999999999688e+00 1.121746473491424048e-02 9.999370822631397093e-01 0.000000000000000000e+00 -2.323679999999999843e-03 0.000000000000000000e+00 0.000000000000000000e+00 1.000000000000000000e+00 0.000000000000000000e+00
9.999315452506180035e-01 -1.170063300472249865e-02 0.000000000000000000e+00 -8.014879999999999782e+00 1.170063300472249865e-02 9.999315452506180035e-01 0.000000000000000000e+00 -1.762260000000000085e-03 0.000000000000000000e+00 0.000000000000000000e+00 1.000000000000000000e+00 0.000000000000000000e+00
9.999255223529850412e-01 -1.220449700356678741e-02 0.000000000000000000e+00 -7.974960000000000271e+00 1.220449700356678741e-02 9.999255223529850412e-01 0.000000000000000000e+00 -1.157749999999999925e-03 0.000000000000000000e+00 0.000000000000000000e+00 1.000000000000000000e+00 0.000000000000000000e+00
9.999196288954838030e-01 -1.267816033649716428e-02 0.000000000000000000e+00 -7.935179999999999900e+00 1.267816033649716428e-02 9.999196288954838030e-01 0.000000000000000000e+00 -5.361670000000000455e-04 0.000000000000000000e+00 0.000000000000000000e+00 1.000000000000000000e+00 0.000000000000000000e+00
9.999070557349883925e-01 -1.363377759048324880e-02 0.000000000000000000e+00 -7.895310000000000272e+00 1.363377759048324880e-02 9.999070557349883925e-01 0.000000000000000000e+00 1.164650000000000039e-04 0.000000000000000000e+00 0.000000000000000000e+00 1.000000000000000000e+00 0.000000000000000000e+00
9.999008150695267716e-01 -1.408403434020310228e-02 0.000000000000000000e+00 -7.855380000000000251e+00 1.408403434020310228e-02 9.999008150695267716e-01 0.000000000000000000e+00 7.969090000000000505e-04 0.000000000000000000e+00 0.000000000000000000e+00 1.000000000000000000e+00 0.000000000000000000e+00
9.998923314570162812e-01 -1.467397333554157877e-02 0.000000000000000000e+00 -7.815620000000000012e+00 1.467397333554157877e-02 9.998923314570162812e-01 0.000000000000000000e+00 1.493890000000000105e-03 0.000000000000000000e+00 0.000000000000000000e+00 1.000000000000000000e+00 0.000000000000000000e+00
9.998801268154016153e-01 -1.548328129358781009e-02 0.000000000000000000e+00 -7.775739999999999874e+00 1.548328129358781009e-02 9.998801268154016153e-01 0.000000000000000000e+00 2.227999999999999946e-03 0.000000000000000000e+00 0.000000000000000000e+00 1.000000000000000000e+00 0.000000000000000000e+00
9.998732380828078137e-01 -1.592192720121329494e-02 0.000000000000000000e+00 -7.735820000000000363e+00 1.592192720121329494e-02 9.998732380828078137e-01 0.000000000000000000e+00 2.982550000000000045e-03 0.000000000000000000e+00 0.000000000000000000e+00 1.000000000000000000e+00 0.000000000000000000e+00
9.998582997845733011e-01 -1.683390483228257642e-02 0.000000000000000000e+00 -7.696100000000000385e+00 1.683390483228257642e-02 9.998582997845733011e-01 0.000000000000000000e+00 3.758759999999999879e-03 0.000000000000000000e+00 0.000000000000000000e+00 1.000000000000000000e+00 0.000000000000000000e+00
9.998510688822881409e-01 -1.725804319573696899e-02 0.000000000000000000e+00 -7.656170000000000364e+00 1.725804319573696899e-02 9.998510688822881409e-01 0.000000000000000000e+00 4.567400000000000106e-03 0.000000000000000000e+00 0.000000000000000000e+00 1.000000000000000000e+00 0.000000000000000000e+00
9.998431430864334057e-01 -1.771127389664053572e-02 0.000000000000000000e+00 -7.616249999999999964e+00 1.771127389664053572e-02 9.998431430864334057e-01 0.000000000000000000e+00 5.393369999999999762e-03 0.000000000000000000e+00 0.000000000000000000e+00 1.000000000000000000e+00 0.000000000000000000e+00
9.998273465987832509e-01 -1.858163053223688826e-02 0.000000000000000000e+00 -7.576529999999999987e+00 1.858163053223688826e-02 9.998273465987832509e-01 0.000000000000000000e+00 6.247410000000000116e-03 0.000000000000000000e+00 0.000000000000000000e+00 1.000000000000000000e+00 0.000000000000000000e+00
9.998196820761078296e-01 -1.898955853174534233e-02 0.000000000000000000e+00 -7.536609999999999587e+00 1.898955853174534233e-02 9.998196820761078296e-01 0.000000000000000000e+00 7.125959999999999760e-03 0.000000000000000000e+00 0.000000000000000000e+00 1.000000000000000000e+00 0.000000000000000000e+00
9.998023655127965537e-01 -1.988039021288072819e-02 0.000000000000000000e+00 -7.496749999999999581e+00 1.988039021288072819e-02 9.998023655127965537e-01 0.000000000000000000e+00 8.023819999999999217e-03 0.000000000000000000e+00 0.000000000000000000e+00 1.000000000000000000e+00 0.000000000000000000e+00
9.997940919662611226e-01 -2.029220710912100004e-02 0.000000000000000000e+00 -7.456979999999999720e+00 2.029220710912100004e-02 9.997940919662611226e-01 0.000000000000000000e+00 8.952039999999999650e-03 0.000000000000000000e+00 0.000000000000000000e+00 1.000000000000000000e+00 0.000000000000000000e+00
9.997857978360863429e-01 -2.069682210534489614e-02 0.000000000000000000e+00 -7.417060000000000208e+00 2.069682210534489614e-02 9.997857978360863429e-01 0.000000000000000000e+00 9.899319999999999647e-03 0.000000000000000000e+00 0.000000000000000000e+00 1.000000000000000000e+00 0.000000000000000000e+00
9.997672406691998637e-01 -2.157462594563912955e-02 0.000000000000000000e+00 -7.377189999999999692e+00 2.157462594563912955e-02 9.997672406691998637e-01 0.000000000000000000e+00 1.087310000000000013e-02 0.000000000000000000e+00 0.000000000000000000e+00 1.000000000000000000e+00 0.000000000000000000e+00
9.997589130431713267e-01 -2.195713530351037224e-02 0.000000000000000000e+00 -7.337419999999999831e+00 2.195713530351037224e-02 9.997589130431713267e-01 0.000000000000000000e+00 1.186749999999999958e-02 0.000000000000000000e+00 0.000000000000000000e+00 1.000000000000000000e+00 0.000000000000000000e+00
9.997461855040881140e-01 -2.252919372781301416e-02 0.000000000000000000e+00 -7.297519999999999563e+00 2.252919372781301416e-02 9.997461855040881140e-01 0.000000000000000000e+00 1.288180000000000054e-02 0.000000000000000000e+00 0.000000000000000000e+00 1.000000000000000000e+00 0.000000000000000000e+00
9.997311935591803866e-01 -2.318492235778494767e-02 0.000000000000000000e+00 -7.257640000000000313e+00 2.318492235778494767e-02 9.997311935591803866e-01 0.000000000000000000e+00 1.392859999999999931e-02 0.000000000000000000e+00 0.000000000000000000e+00 1.000000000000000000e+00 0.000000000000000000e+00
9.997225749715701326e-01 -2.355362163688102389e-02 0.000000000000000000e+00 -7.217869999999999564e+00 2.355362163688102389e-02 9.997225749715701326e-01 0.000000000000000000e+00 1.498799999999999959e-02 0.000000000000000000e+00 0.000000000000000000e+00 1.000000000000000000e+00 0.000000000000000000e+00
9.997024786969198606e-01 -2.439168069720478588e-02 0.000000000000000000e+00 -7.178009999999999557e+00 2.439168069720478588e-02 9.997024786969198606e-01 0.000000000000000000e+00 1.607240000000000058e-02 0.000000000000000000e+00 0.000000000000000000e+00 1.000000000000000000e+00 0.000000000000000000e+00
9.996938185200122673e-01 -2.474407429823819934e-02 0.000000000000000000e+00 -7.138090000000000046e+00 2.474407429823819934e-02 9.996938185200122673e-01 0.000000000000000000e+00 1.718369999999999967e-02 0.000000000000000000e+00 0.000000000000000000e+00 1.000000000000000000e+00 0.000000000000000000e+00
9.996840747105546487e-01 -2.513465277464916117e-02 0.000000000000000000e+00 -7.098320000000000185e+00 2.513465277464916117e-02 9.996840747105546487e-01 0.000000000000000000e+00 1.830570000000000114e-02 0.000000000000000000e+00 0.000000000000000000e+00 1.000000000000000000e+00 0.000000000000000000e+00
9.996636859920561280e-01 -2.593289241052295843e-02 0.000000000000000000e+00 -7.058460000000000178e+00 2.593289241052295843e-02 9.996636859920561280e-01 0.000000000000000000e+00 1.945979999999999932e-02 0.000000000000000000e+00 0.000000000000000000e+00 1.000000000000000000e+00 0.000000000000000000e+00
9.996548845881016998e-01 -2.626997752471676648e-02 0.000000000000000000e+00 -7.018550000000000288e+00 2.626997752471676648e-02 9.996548845881016998e-01 0.000000000000000000e+00 2.063270000000000035e-02 0.000000000000000000e+00 0.000000000000000000e+00 1.000000000000000000e+00 0.000000000000000000e+00
9.996329285607004067e-01 -2.709258454185685394e-02 0.000000000000000000e+00 -6.978839999999999932e+00 2.709258454185685394e-02 9.996329285607004067e-01 0.000000000000000000e+00 2.181829999999999881e-02 0.000000000000000000e+00 0.000000000000000000e+00 1.000000000000000000e+00 0.000000000000000000e+00
9.996238266227477354e-01 -2.742636046023576649e-02 0.000000000000000000e+00 -6.938920000000000421e+00 2.742636046023576649e-02 9.996238266227477354e-01 0.000000000000000000e+00 2.303809999999999886e-02 0.000000000000000000e+00 0.000000000000000000e+00 1.000000000000000000e+00 0.000000000000000000e+00
9.996145466103265598e-01 -2.776253239586326180e-02 0.000000000000000000e+00 -6.899009999999999643e+00 2.776253239586326180e-02 9.996145466103265598e-01 0.000000000000000000e+00 2.427100000000000091e-02 0.000000000000000000e+00 0.000000000000000000e+00 1.000000000000000000e+00 0.000000000000000000e+00
9.995919081665067818e-01 -2.856601351329846050e-02 0.000000000000000000e+00 -6.859300000000000175e+00 2.856601351329846050e-02 9.995919081665067818e-01 0.000000000000000000e+00 2.552279999999999827e-02 0.000000000000000000e+00 0.000000000000000000e+00 1.000000000000000000e+00 0.000000000000000000e+00
9.995830537596298582e-01 -2.887418633612033256e-02 0.000000000000000000e+00 -6.819390000000000285e+00 2.887418633612033256e-02 9.995830537596298582e-01 0.000000000000000000e+00 2.680110000000000131e-02 0.000000000000000000e+00 0.000000000000000000e+00 1.000000000000000000e+00 0.000000000000000000e+00
9.995661297664020228e-01 -2.945423948799806221e-02 0.000000000000000000e+00 -6.779510000000000147e+00 2.945423948799806221e-02 9.995661297664020228e-01 0.000000000000000000e+00 2.809230000000000060e-02 0.000000000000000000e+00 0.000000000000000000e+00 1.000000000000000000e+00 0.000000000000000000e+00
9.995511998176805912e-01 -2.995661768349788812e-02 0.000000000000000000e+00 -6.739770000000000039e+00 2.995661768349788812e-02 9.995511998176805912e-01 0.000000000000000000e+00 2.940900000000000111e-02 0.000000000000000000e+00 0.000000000000000000e+00 1.000000000000000000e+00 0.000000000000000000e+00
9.995421981086886065e-01 -3.025548214871444375e-02 0.000000000000000000e+00 -6.699860000000000149e+00 3.025548214871444375e-02 9.995421981086886065e-01 0.000000000000000000e+00 3.074309999999999890e-02 0.000000000000000000e+00 0.000000000000000000e+00 1.000000000000000000e+00 0.000000000000000000e+00
9.995188129213399275e-01 -3.101842382061658146e-02 0.000000000000000000e+00 -6.660009999999999764e+00 3.101842382061658146e-02 9.995188129213399275e-01 0.000000000000000000e+00 3.209610000000000241e-02 0.000000000000000000e+00 0.000000000000000000e+00 1.000000000000000000e+00 0.000000000000000000e+00
9.995100698024937946e-01 -3.129888757470295629e-02 0.000000000000000000e+00 -6.620250000000000412e+00 3.129888757470295629e-02 9.995100698024937946e-01 0.000000000000000000e+00 3.346799999999999775e-02 0.000000000000000000e+00 0.000000000000000000e+00 1.000000000000000000e+00 0.000000000000000000e+00
9.994996171608467872e-01 -3.163092308676110354e-02 0.000000000000000000e+00 -6.580339999999999634e+00 3.163092308676110354e-02 9.994996171608467872e-01 0.000000000000000000e+00 3.485629999999999978e-02 0.000000000000000000e+00 0.000000000000000000e+00 1.000000000000000000e+00 0.000000000000000000e+00
9.994767326298790167e-01 -3.234595695757727651e-02 0.000000000000000000e+00 -6.540490000000000137e+00 3.234595695757727651e-02 9.994767326298790167e-01 0.000000000000000000e+00 3.627029999999999837e-02 0.000000000000000000e+00 0.000000000000000000e+00 1.000000000000000000e+00 0.000000000000000000e+00
9.994680834623521637e-01 -3.261211646141285586e-02 0.000000000000000000e+00 -6.500729999999999897e+00 3.261211646141285586e-02 9.994680834623521637e-01 0.000000000000000000e+00 3.769510000000000222e-02 0.000000000000000000e+00 0.000000000000000000e+00 1.000000000000000000e+00 0.000000000000000000e+00
9.994432932332270036e-01 -3.336320744655458387e-02 0.000000000000000000e+00 -6.460880000000000400e+00 3.336320744655458387e-02 9.994432932332270036e-01 0.000000000000000000e+00 3.913900000000000018e-02 0.000000000000000000e+00 0.000000000000000000e+00 1.000000000000000000e+00 0.000000000000000000e+00
9.994346354516735476e-01 -3.362156242027576625e-02 0.000000000000000000e+00 -6.420969999999999622e+00 3.362156242027576625e-02 9.994346354516735476e-01 0.000000000000000000e+00 4.060969999999999858e-02 0.000000000000000000e+00 0.000000000000000000e+00 1.000000000000000000e+00 0.000000000000000000e+00
9.994256025370402696e-01 -3.388900992171463983e-02 0.000000000000000000e+00 -6.381210000000000271e+00 3.388900992171463983e-02 9.994256025370402696e-01 0.000000000000000000e+00 4.208569999999999672e-02 0.000000000000000000e+00 0.000000000000000000e+00 1.000000000000000000e+00 0.000000000000000000e+00
9.994007115009319042e-01 -3.461528349488199319e-02 0.000000000000000000e+00 -6.341359999999999886e+00 3.461528349488199319e-02 9.994007115009319042e-01 0.000000000000000000e+00 4.358709999999999668e-02 0.000000000000000000e+00 0.000000000000000000e+00 1.000000000000000000e+00 0.000000000000000000e+00
9.993924935519274966e-01 -3.485174073214281770e-02 0.000000000000000000e+00 -6.301459999999999617e+00 3.485174073214281770e-02 9.993924935519274966e-01 0.000000000000000000e+00 4.510759999999999770e-02 0.000000000000000000e+00 0.000000000000000000e+00 1.000000000000000000e+00 0.000000000000000000e+00
9.993721114456235455e-01 -3.543138248384139488e-02 0.000000000000000000e+00 -6.261750000000000149e+00 3.543138248384139488e-02 9.993721114456235455e-01 0.000000000000000000e+00 4.663289999999999796e-02 0.000000000000000000e+00 0.000000000000000000e+00 1.000000000000000000e+00 0.000000000000000000e+00
9.993594130730405478e-01 -3.578775631843954946e-02 0.000000000000000000e+00 -6.221860000000000390e+00 3.578775631843954946e-02 9.993594130730405478e-01 0.000000000000000000e+00 4.819070000000000298e-02 0.000000000000000000e+00 0.000000000000000000e+00 1.000000000000000000e+00 0.000000000000000000e+00
9.993512022781494419e-01 -3.601630887830114397e-02 0.000000000000000000e+00 -6.181949999999999612e+00 3.601630887830114397e-02 9.993512022781494419e-01 0.000000000000000000e+00 4.975829999999999836e-02 0.000000000000000000e+00 0.000000000000000000e+00 1.000000000000000000e+00 0.000000000000000000e+00
9.993262012226192814e-01 -3.670345419669786974e-02 0.000000000000000000e+00 -6.142260000000000275e+00 3.670345419669786974e-02 9.993262012226192814e-01 0.000000000000000000e+00 5.133680000000000188e-02 0.000000000000000000e+00 0.000000000000000000e+00 1.000000000000000000e+00 0.000000000000000000e+00
9.993185120661903786e-01 -3.691221263776005984e-02 0.000000000000000000e+00 -6.102350000000000385e+00 3.691221263776005984e-02 9.993185120661903786e-01 0.000000000000000000e+00 5.294100000000000195e-02 0.000000000000000000e+00 0.000000000000000000e+00 1.000000000000000000e+00 0.000000000000000000e+00
9.993081635076709324e-01 -3.719132085481835492e-02 0.000000000000000000e+00 -6.062450000000000117e+00 3.719132085481835492e-02 9.993081635076709324e-01 0.000000000000000000e+00 5.455399999999999833e-02 0.000000000000000000e+00 0.000000000000000000e+00 1.000000000000000000e+00 0.000000000000000000e+00
9.997488257829721947e-01 -2.241172339576474881e-02 0.000000000000000000e+00 -6.022750000000000270e+00 2.241172339576474881e-02 9.997488257829721947e-01 0.000000000000000000e+00 5.593469999999999692e-02 0.000000000000000000e+00 0.000000000000000000e+00 1.000000000000000000e+00 0.000000000000000000e+00
9.997465188266630998e-01 -2.251439748180069853e-02 0.000000000000000000e+00 -5.982829999999999870e+00 2.251439748180069853e-02 9.997465188266630998e-01 0.000000000000000000e+00 5.696249999999999925e-02 0.000000000000000000e+00 0.000000000000000000e+00 1.000000000000000000e+00 0.000000000000000000e+00
9.997321571869027812e-01 -2.314333352008343322e-02 0.000000000000000000e+00 -5.942969999999999864e+00 2.314333352008343322e-02 9.997321571869027812e-01 0.000000000000000000e+00 5.800410000000000288e-02 0.000000000000000000e+00 0.000000000000000000e+00 1.000000000000000000e+00 0.000000000000000000e+00
9.997277209080361882e-01 -2.333418196602718431e-02 0.000000000000000000e+00 -5.903200000000000003e+00 2.333418196602718431e-02 9.997277209080361882e-01 0.000000000000000000e+00 5.906220000000000220e-02 0.000000000000000000e+00 0.000000000000000000e+00 1.000000000000000000e+00 0.000000000000000000e+00
9.997224194958933552e-01 -2.356021980536279065e-02 0.000000000000000000e+00 -5.863279999999999603e+00 2.356021980536279065e-02 9.997224194958933552e-01 0.000000000000000000e+00 6.013190000000000202e-02 0.000000000000000000e+00 0.000000000000000000e+00 1.000000000000000000e+00 0.000000000000000000e+00
9.997075039381833061e-01 -2.418484173376332994e-02 0.000000000000000000e+00 -5.823419999999999597e+00 2.418484173376332994e-02 9.997075039381833061e-01 0.000000000000000000e+00 6.122219999999999746e-02 0.000000000000000000e+00 0.000000000000000000e+00 1.000000000000000000e+00 0.000000000000000000e+00
9.997031344714332191e-01 -2.436478869170605188e-02 0.000000000000000000e+00 -5.783649999999999736e+00 2.436478869170605188e-02 9.997031344714332191e-01 0.000000000000000000e+00 6.232150000000000190e-02 0.000000000000000000e+00 0.000000000000000000e+00 1.000000000000000000e+00 0.000000000000000000e+00
9.996874962774660034e-01 -2.499819566471735144e-02 0.000000000000000000e+00 -5.743789999999999729e+00 2.499819566471735144e-02 9.996874962774660034e-01 0.000000000000000000e+00 6.343500000000000527e-02 0.000000000000000000e+00 0.000000000000000000e+00 1.000000000000000000e+00 0.000000000000000000e+00
9.996823052742017657e-01 -2.520493050293456591e-02 0.000000000000000000e+00 -5.703879999999999839e+00 2.520493050293456591e-02 9.996823052742017657e-01 0.000000000000000000e+00 6.457209999999999339e-02 0.000000000000000000e+00 0.000000000000000000e+00 1.000000000000000000e+00 0.000000000000000000e+00
9.996776404887647294e-01 -2.538927149045626386e-02 0.000000000000000000e+00 -5.664109999999999978e+00 2.538927149045626386e-02 9.996776404887647294e-01 0.000000000000000000e+00 6.571290000000000464e-02 0.000000000000000000e+00 0.000000000000000000e+00 1.000000000000000000e+00 0.000000000000000000e+00
9.996604469937008242e-01 -2.605745030416912328e-02 0.000000000000000000e+00 -5.624259999999999593e+00 2.605745030416912328e-02 9.996604469937008242e-01 0.000000000000000000e+00 6.687500000000000389e-02 0.000000000000000000e+00 0.000000000000000000e+00 1.000000000000000000e+00 0.000000000000000000e+00
9.996561207952204819e-01 -2.622289375053128355e-02 0.000000000000000000e+00 -5.584340000000000082e+00 2.622289375053128355e-02 9.996561207952204819e-01 0.000000000000000000e+00 6.805350000000000288e-02 0.000000000000000000e+00 0.000000000000000000e+00 1.000000000000000000e+00 0.000000000000000000e+00
9.996456262053041719e-01 -2.661995508270587757e-02 0.000000000000000000e+00 -5.544590000000000352e+00 2.661995508270587757e-02 9.996456262053041719e-01 0.000000000000000000e+00 6.923550000000000537e-02 0.000000000000000000e+00 0.000000000000000000e+00 1.000000000000000000e+00 0.000000000000000000e+00
9.996334133578175241e-01 -2.707469110809620702e-02 0.000000000000000000e+00 -5.504719999999999835e+00 2.707469110809620702e-02 9.996334133578175241e-01 0.000000000000000000e+00 7.044649999999999523e-02 0.000000000000000000e+00 0.000000000000000000e+00 1.000000000000000000e+00 0.000000000000000000e+00
9.996292510615494287e-01 -2.722793459162406449e-02 0.000000000000000000e+00 -5.464800000000000324e+00 2.722793459162406449e-02 9.996292510615494287e-01 0.000000000000000000e+00 7.166569999999999885e-02 0.000000000000000000e+00 0.000000000000000000e+00 1.000000000000000000e+00 0.000000000000000000e+00
9.996099884901132882e-01 -2.792616892442665796e-02 0.000000000000000000e+00 -5.425099999999999589e+00 2.792616892442665796e-02 9.996099884901132882e-01 0.000000000000000000e+00 7.289470000000000671e-02 0.000000000000000000e+00 0.000000000000000000e+00 1.000000000000000000e+00 0.000000000000000000e+00
9.996059932481472510e-01 -2.806881298496574292e-02 0.000000000000000000e+00 -5.385180000000000078e+00 2.806881298496574292e-02 9.996059932481472510e-01 0.000000000000000000e+00 7.414819999999999744e-02 0.000000000000000000e+00 0.000000000000000000e+00 1.000000000000000000e+00 0.000000000000000000e+00
9.996011590983442385e-01 -2.824044491941634163e-02 0.000000000000000000e+00 -5.345270000000000188e+00 2.824044491941634163e-02 9.996011590983442385e-01 0.000000000000000000e+00 7.540769999999999418e-02 0.000000000000000000e+00 0.000000000000000000e+00 1.000000000000000000e+00 0.000000000000000000e+00
9.995815740911165870e-01 -2.892536495060449298e-02 0.000000000000000000e+00 -5.305570000000000341e+00 2.892536495060449298e-02 9.995815740911165870e-01 0.000000000000000000e+00 7.668550000000000366e-02 0.000000000000000000e+00 0.000000000000000000e+00 1.000000000000000000e+00 0.000000000000000000e+00
9.995781161818187988e-01 -2.904461482627071142e-02 0.000000000000000000e+00 -5.265659999999999563e+00 2.904461482627071142e-02 9.995781161818187988e-01 0.000000000000000000e+00 7.797859999999999514e-02 0.000000000000000000e+00 0.000000000000000000e+00 1.000000000000000000e+00 0.000000000000000000e+00
9.995569538995602299e-01 -2.976400361229119759e-02 0.000000000000000000e+00 -5.225810000000000066e+00 2.976400361229119759e-02 9.995569538995602299e-01 0.000000000000000000e+00 7.928100000000000425e-02 0.000000000000000000e+00 0.000000000000000000e+00 1.000000000000000000e+00 0.000000000000000000e+00
9.995534467409270540e-01 -2.988155130398433001e-02 0.000000000000000000e+00 -5.186040000000000205e+00 2.988155130398433001e-02 9.995534467409270540e-01 0.000000000000000000e+00 8.060390000000000610e-02 0.000000000000000000e+00 0.000000000000000000e+00 1.000000000000000000e+00 0.000000000000000000e+00
9.995499047590957753e-01 -2.999979826736346236e-02 0.000000000000000000e+00 -5.146130000000000315e+00 2.999979826736346236e-02 9.995499047590957753e-01 0.000000000000000000e+00 8.193570000000000020e-02 0.000000000000000000e+00 0.000000000000000000e+00 1.000000000000000000e+00 0.000000000000000000e+00
9.995274127897986194e-01 -3.074005663188707216e-02 0.000000000000000000e+00 -5.106279999999999930e+00 3.074005663188707216e-02 9.995274127897986194e-01 0.000000000000000000e+00 8.328649999999999942e-02 0.000000000000000000e+00 0.000000000000000000e+00 1.000000000000000000e+00 0.000000000000000000e+00
9.995248825803229042e-01 -3.082221768127304737e-02 0.000000000000000000e+00 -5.066519999999999690e+00 3.082221768127304737e-02 9.995248825803229042e-01 0.000000000000000000e+00 8.464750000000000052e-02 0.000000000000000000e+00 0.000000000000000000e+00 1.000000000000000000e+00 0.000000000000000000e+00
9.995103889991525659e-01 -3.128869257036297896e-02 0.000000000000000000e+00 -5.026640000000000441e+00 3.128869257036297896e-02 9.995103889991525659e-01 0.000000000000000000e+00 8.601849999999999774e-02 0.000000000000000000e+00 0.000000000000000000e+00 1.000000000000000000e+00 0.000000000000000000e+00
9.994984524660963654e-01 -3.166770465124638806e-02 0.000000000000000000e+00 -4.986769999999999925e+00 3.166770465124638806e-02 9.994984524660963654e-01 0.000000000000000000e+00 8.741649999999999421e-02 0.000000000000000000e+00 0.000000000000000000e+00 1.000000000000000000e+00 0.000000000000000000e+00
9.994960079153558663e-01 -3.174476588773227081e-02 0.000000000000000000e+00 -4.947009999999999685e+00 3.174476588773227081e-02 9.994960079153558663e-01 0.000000000000000000e+00 8.881459999999999355e-02 0.000000000000000000e+00 0.000000000000000000e+00 1.000000000000000000e+00 0.000000000000000000e+00
9.994709917392241572e-01 -3.252286383164579298e-02 0.000000000000000000e+00 -4.907160000000000188e+00 3.252286383164579298e-02 9.994709917392241572e-01 0.000000000000000000e+00 9.023169999999999802e-02 0.000000000000000000e+00 0.000000000000000000e+00 1.000000000000000000e+00 0.000000000000000000e+00
9.994693904046445532e-01 -3.257203776505645382e-02 0.000000000000000000e+00 -4.867250000000000298e+00 3.257203776505645382e-02 9.994693904046445532e-01 0.000000000000000000e+00 9.166870000000000573e-02 0.000000000000000000e+00 0.000000000000000000e+00 1.000000000000000000e+00 0.000000000000000000e+00
9.994654680255277146e-01 -3.269217375019275312e-02 0.000000000000000000e+00 -4.827499999999999680e+00 3.269217375019275312e-02 9.994654680255277146e-01 0.000000000000000000e+00 9.310350000000000570e-02 0.000000000000000000e+00 0.000000000000000000e+00 1.000000000000000000e+00 0.000000000000000000e+00
9.995425731998224261e-01 -3.024308782313217189e-02 0.000000000000000000e+00 -4.787630000000000052e+00 3.024308782313217189e-02 9.995425731998224261e-01 0.000000000000000000e+00 9.455379999999999341e-02 0.000000000000000000e+00 0.000000000000000000e+00 1.000000000000000000e+00 0.000000000000000000e+00
9.999074534150136362e-01 -1.360458029864758389e-02 0.000000000000000000e+00 -4.747560000000000002e+00 1.360458029864758389e-02 9.999074534150136362e-01 0.000000000000000000e+00 9.545439999999999481e-02 0.000000000000000000e+00 0.000000000000000000e+00 1.000000000000000000e+00 0.000000000000000000e+00
9.999150964178585843e-01 -1.303073120222273881e-02 0.000000000000000000e+00 -4.707799999999999763e+00 1.303073120222273881e-02 9.999150964178585843e-01 0.000000000000000000e+00 9.612500000000000211e-02 0.000000000000000000e+00 0.000000000000000000e+00 1.000000000000000000e+00 0.000000000000000000e+00
9.999159581576783085e-01 -1.296443680273927541e-02 0.000000000000000000e+00 -4.667869999999999742e+00 1.296443680273927541e-02 9.999159581576783085e-01 0.000000000000000000e+00 9.677900000000000391e-02 0.000000000000000000e+00 0.000000000000000000e+00 1.000000000000000000e+00 0.000000000000000000e+00
9.999167574504126410e-01 -1.290264197180731806e-02 0.000000000000000000e+00 -4.627950000000000230e+00 1.290264197180731806e-02 9.999167574504126410e-01 0.000000000000000000e+00 9.743190000000000184e-02 0.000000000000000000e+00 0.000000000000000000e+00 1.000000000000000000e+00 0.000000000000000000e+00
9.999252279342238925e-01 -1.222859520510891432e-02 0.000000000000000000e+00 -4.588189999999999991e+00 1.222859520510891432e-02 9.999252279342238925e-01 0.000000000000000000e+00 9.806439999999999602e-02 0.000000000000000000e+00 0.000000000000000000e+00 1.000000000000000000e+00 0.000000000000000000e+00
9.999257820819430487e-01 -1.218319858717374984e-02 0.000000000000000000e+00 -4.548269999999999591e+00 1.218319858717374984e-02 9.999257820819430487e-01 0.000000000000000000e+00 9.868770000000000320e-02 0.000000000000000000e+00 0.000000000000000000e+00 1.000000000000000000e+00 0.000000000000000000e+00
9.999312383508368596e-01 -1.172683120718917733e-02 0.000000000000000000e+00 -4.508329999999999949e+00 1.172683120718917733e-02 9.999312383508368596e-01 0.000000000000000000e+00 9.930659999999999488e-02 0.000000000000000000e+00 0.000000000000000000e+00 1.000000000000000000e+00 0.000000000000000000e+00
9.999355258671508428e-01 -1.135535595146333968e-02 0.000000000000000000e+00 -4.468589999999999840e+00 1.135535595146333968e-02 9.999355258671508428e-01 0.000000000000000000e+00 9.989670000000000494e-02 0.000000000000000000e+00 0.000000000000000000e+00 1.000000000000000000e+00 0.000000000000000000e+00
9.999364209476023779e-01 -1.127626101592557606e-02 0.000000000000000000e+00 -4.428659999999999819e+00 1.127626101592557606e-02 9.999364209476023779e-01 0.000000000000000000e+00 1.004850000000000049e-01 0.000000000000000000e+00 0.000000000000000000e+00 1.000000000000000000e+00 0.000000000000000000e+00
9.999453218909098995e-01 -1.045720940235255955e-02 0.000000000000000000e+00 -4.388760000000000439e+00 1.045720940235255955e-02 9.999453218909098995e-01 0.000000000000000000e+00 1.010569999999999941e-01 0.000000000000000000e+00 0.000000000000000000e+00 1.000000000000000000e+00 0.000000000000000000e+00
9.999461095984162329e-01 -1.038161350620625707e-02 0.000000000000000000e+00 -4.348980000000000068e+00 1.038161350620625707e-02 9.999461095984162329e-01 0.000000000000000000e+00 1.016080000000000039e-01 0.000000000000000000e+00 0.000000000000000000e+00 1.000000000000000000e+00 0.000000000000000000e+00
9.999483398817557989e-01 -1.016452496286252699e-02 0.000000000000000000e+00 -4.309050000000000047e+00 1.016452496286252699e-02 9.999483398817557989e-01 0.000000000000000000e+00 1.021559999999999968e-01 0.000000000000000000e+00 0.000000000000000000e+00 1.000000000000000000e+00 0.000000000000000000e+00
9.999559047896583452e-01 -9.390871966740465746e-03 0.000000000000000000e+00 -4.269160000000000288e+00 9.390871966740465746e-03 9.999559047896583452e-01 0.000000000000000000e+00 1.026740000000000014e-01 0.000000000000000000e+00 0.000000000000000000e+00 1.000000000000000000e+00 0.000000000000000000e+00
9.999568474242569449e-01 -9.289956369178101539e-03 0.000000000000000000e+00 -4.229379999999999917e+00 9.289956369178101539e-03 9.999568474242569449e-01 0.000000000000000000e+00 1.031829999999999969e-01 0.000000000000000000e+00 0.000000000000000000e+00 1.000000000000000000e+00 0.000000000000000000e+00
9.999650591653775900e-01 -8.359452636555179950e-03 0.000000000000000000e+00 -4.189490000000000158e+00 8.359452636555179950e-03 9.999650591653775900e-01 0.000000000000000000e+00 1.036789999999999934e-01 0.000000000000000000e+00 0.000000000000000000e+00 1.000000000000000000e+00 0.000000000000000000e+00
9.999660963670720104e-01 -8.234446939515829150e-03 0.000000000000000000e+00 -4.149560000000000137e+00 8.234446939515829150e-03 9.999660963670720104e-01 0.000000000000000000e+00 1.041470000000000035e-01 0.000000000000000000e+00 0.000000000000000000e+00 1.000000000000000000e+00 0.000000000000000000e+00
9.999673635219967771e-01 -8.079102107706525454e-03 0.000000000000000000e+00 -4.109779999999999767e+00 8.079102107706525454e-03 9.999673635219967771e-01 0.000000000000000000e+00 1.046089999999999937e-01 0.000000000000000000e+00 0.000000000000000000e+00 1.000000000000000000e+00 0.000000000000000000e+00
9.999748027732342504e-01 -7.098860375534163901e-03 0.000000000000000000e+00 -4.069890000000000008e+00 7.098860375534163901e-03 9.999748027732342504e-01 0.000000000000000000e+00 1.050429999999999975e-01 0.000000000000000000e+00 0.000000000000000000e+00 1.000000000000000000e+00 0.000000000000000000e+00
9.999756457617026140e-01 -6.979103342532757756e-03 0.000000000000000000e+00 -4.029959999999999987e+00 6.979103342532757756e-03 9.999756457617026140e-01 0.000000000000000000e+00 1.054609999999999992e-01 0.000000000000000000e+00 0.000000000000000000e+00 1.000000000000000000e+00 0.000000000000000000e+00
9.999803335811816574e-01 -6.271558886642008938e-03 0.000000000000000000e+00 -3.990180000000000060e+00 6.271558886642008938e-03 9.999803335811816574e-01 0.000000000000000000e+00 1.058700000000000058e-01 0.000000000000000000e+00 0.000000000000000000e+00 1.000000000000000000e+00 0.000000000000000000e+00
9.999834473987457839e-01 -5.753688253620672065e-03 0.000000000000000000e+00 -3.950289999999999857e+00 5.753688253620672065e-03 9.999834473987457839e-01 0.000000000000000000e+00 1.062400000000000011e-01 0.000000000000000000e+00 0.000000000000000000e+00 1.000000000000000000e+00 0.000000000000000000e+00
9.999843900742365621e-01 -5.587450926587076046e-03 0.000000000000000000e+00 -3.910369999999999902e+00 5.587450926587076046e-03 9.999843900742365621e-01 0.000000000000000000e+00 1.066040000000000043e-01 0.000000000000000000e+00 0.000000000000000000e+00 1.000000000000000000e+00 0.000000000000000000e+00
9.999900683941833623e-01 -4.456805245530419228e-03 0.000000000000000000e+00 -3.870639999999999858e+00 4.456805245530419228e-03 9.999900683941833623e-01 0.000000000000000000e+00 1.069429999999999964e-01 0.000000000000000000e+00 0.000000000000000000e+00 1.000000000000000000e+00 0.000000000000000000e+00
9.999908113011359845e-01 -4.286876869678198608e-03 0.000000000000000000e+00 -3.830700000000000216e+00 4.286876869678198608e-03 9.999908113011359845e-01 0.000000000000000000e+00 1.072540000000000021e-01 0.000000000000000000e+00 0.000000000000000000e+00 1.000000000000000000e+00 0.000000000000000000e+00
9.999922327719027448e-01 -3.941369795462223991e-03 0.000000000000000000e+00 -3.790760000000000129e+00 3.941369795462223991e-03 9.999922327719027448e-01 0.000000000000000000e+00 1.075590000000000018e-01 0.000000000000000000e+00 0.000000000000000000e+00 1.000000000000000000e+00 0.000000000000000000e+00
9.999957968297460420e-01 -2.899365937816948766e-03 0.000000000000000000e+00 -3.751050000000000217e+00 2.899365937816948766e-03 9.999957968297460420e-01 0.000000000000000000e+00 1.078210000000000002e-01 0.000000000000000000e+00 0.000000000000000000e+00 1.000000000000000000e+00 0.000000000000000000e+00
9.999963365108440749e-01 -2.706836694506197134e-03 0.000000000000000000e+00 -3.711120000000000196e+00 2.706836694506197134e-03 9.999963365108440749e-01 0.000000000000000000e+00 1.080699999999999994e-01 0.000000000000000000e+00 0.000000000000000000e+00 1.000000000000000000e+00 0.000000000000000000e+00
9.999989265507156500e-01 -1.465229475716597592e-03 0.000000000000000000e+00 -3.671250000000000124e+00 1.465229475716597592e-03 9.999989265507156500e-01 0.000000000000000000e+00 1.083009999999999945e-01 0.000000000000000000e+00 0.000000000000000000e+00 1.000000000000000000e+00 0.000000000000000000e+00
9.999992244272489783e-01 -1.245449678020955821e-03 0.000000000000000000e+00 -3.631470000000000198e+00 1.245449678020955821e-03 9.999992244272489783e-01 0.000000000000000000e+00 1.084920000000000051e-01 0.000000000000000000e+00 0.000000000000000000e+00 1.000000000000000000e+00 0.000000000000000000e+00
9.999994925625889097e-01 -1.007409829600820241e-03 0.000000000000000000e+00 -3.591530000000000111e+00 1.007409829600820241e-03 9.999994925625889097e-01 0.000000000000000000e+00 1.086749999999999938e-01 0.000000000000000000e+00 0.000000000000000000e+00 1.000000000000000000e+00 0.000000000000000000e+00
9.999999600850093540e-01 2.825419962407795730e-04 0.000000000000000000e+00 -3.551670000000000105e+00 -2.825419962407795730e-04 9.999999600850093540e-01 0.000000000000000000e+00 1.088210000000000011e-01 0.000000000000000000e+00 0.000000000000000000e+00 1.000000000000000000e+00 0.000000000000000000e+00
9.999998747118367115e-01 5.005759790945839022e-04 0.000000000000000000e+00 -3.511890000000000178e+00 -5.005759790945839022e-04 9.999998747118367115e-01 0.000000000000000000e+00 1.089429999999999982e-01 0.000000000000000000e+00 0.000000000000000000e+00 1.000000000000000000e+00 0.000000000000000000e+00
9.999989771211293954e-01 1.430299512325417226e-03 0.000000000000000000e+00 -3.471979999999999844e+00 -1.430299512325417226e-03 9.999989771211293954e-01 0.000000000000000000e+00 1.090519999999999962e-01 0.000000000000000000e+00 0.000000000000000000e+00 1.000000000000000000e+00 0.000000000000000000e+00
9.999978085668699279e-01 2.093528470722776612e-03 0.000000000000000000e+00 -3.432100000000000151e+00 -2.093528470722776612e-03 9.999978085668699279e-01 0.000000000000000000e+00 1.091109999999999997e-01 0.000000000000000000e+00 0.000000000000000000e+00 1.000000000000000000e+00 0.000000000000000000e+00
9.999972790466419292e-01 2.332787884195354749e-03 0.000000000000000000e+00 -3.392319999999999780e+00 -2.332787884195354749e-03 9.999972790466419292e-01 0.000000000000000000e+00 1.091609999999999941e-01 0.000000000000000000e+00 0.000000000000000000e+00 1.000000000000000000e+00 0.000000000000000000e+00
9.999931162511919158e-01 3.710451486037891818e-03 0.000000000000000000e+00 -3.352460000000000218e+00 -3.710451486037891818e-03 9.999931162511919158e-01 0.000000000000000000e+00 1.091799999999999993e-01 0.000000000000000000e+00 0.000000000000000000e+00 1.000000000000000000e+00 0.000000000000000000e+00
9.999922097372505592e-01 3.947209750034367214e-03 0.000000000000000000e+00 -3.312530000000000197e+00 -3.947209750034367214e-03 9.999922097372505592e-01 0.000000000000000000e+00 1.091649999999999981e-01 0.000000000000000000e+00 0.000000000000000000e+00 1.000000000000000000e+00 0.000000000000000000e+00
9.999902310202893885e-01 4.420165606441046890e-03 0.000000000000000000e+00 -3.272730000000000139e+00 -4.420165606441046890e-03 9.999902310202893885e-01 0.000000000000000000e+00 1.091400000000000009e-01 0.000000000000000000e+00 0.000000000000000000e+00 1.000000000000000000e+00 0.000000000000000000e+00
9.999843661507875625e-01 5.591730859725404200e-03 0.000000000000000000e+00 -3.232889999999999819e+00 -5.591730859725404200e-03 9.999843661507875625e-01 0.000000000000000000e+00 1.090659999999999963e-01 0.000000000000000000e+00 0.000000000000000000e+00 1.000000000000000000e+00 0.000000000000000000e+00
9.999828930690083384e-01 5.849236645609213504e-03 0.000000000000000000e+00 -3.192959999999999798e+00 -5.849236645609213504e-03 9.999828930690083384e-01 0.000000000000000000e+00 1.089760000000000034e-01 0.000000000000000000e+00 0.000000000000000000e+00 1.000000000000000000e+00 0.000000000000000000e+00
9.999737480017818481e-01 7.245916592737679067e-03 0.000000000000000000e+00 -3.153249999999999886e+00 -7.245916592737679067e-03 9.999737480017818481e-01 0.000000000000000000e+00 1.088630000000000014e-01 0.000000000000000000e+00 0.000000000000000000e+00 1.000000000000000000e+00 0.000000000000000000e+00
9.999717371142206046e-01 7.518309169494812212e-03 0.000000000000000000e+00 -3.113319999999999865e+00 -7.518309169494812212e-03 9.999717371142206046e-01 0.000000000000000000e+00 1.087059999999999971e-01 0.000000000000000000e+00 0.000000000000000000e+00 1.000000000000000000e+00 0.000000000000000000e+00
9.999692888350434350e-01 7.837179769374178623e-03 0.000000000000000000e+00 -3.073389999999999844e+00 -7.837179769374178623e-03 9.999692888350434350e-01 0.000000000000000000e+00 1.085379999999999956e-01 0.000000000000000000e+00 0.000000000000000000e+00 1.000000000000000000e+00 0.000000000000000000e+00
9.999575023703802801e-01 9.219189399881082270e-03 0.000000000000000000e+00 -3.033689999999999998e+00 -9.219189399881082270e-03 9.999575023703802801e-01 0.000000000000000000e+00 1.083299999999999957e-01 0.000000000000000000e+00 0.000000000000000000e+00 1.000000000000000000e+00 0.000000000000000000e+00
9.999682761301929013e-01 7.965345768400430501e-03 0.000000000000000000e+00 -2.993770000000000042e+00 -7.965345768400430501e-03 9.999682761301929013e-01 0.000000000000000000e+00 1.080979999999999996e-01 0.000000000000000000e+00 0.000000000000000000e+00 1.000000000000000000e+00 0.000000000000000000e+00
