9.999540069038849177e-01 -9.590832959927483511e-03 0.000000000000000000e+00 -8.112959999999999283e+00 9.590832959927483511e-03 9.999540069038849177e-01 0.000000000000000000e+00 -3.353849999999999800e-03 0.000000000000000000e+00 0.000000000000000000e+00 1.000000000000000000e+00 0.000000000000000000e+00
9.999533495176565756e-01 -9.659129796175827329e-03 0.000000000000000000e+00 -8.109780000000000655e+00 9.659129796175827329e-03 9.999533495176565756e-01 0.000000000000000000e+00 -3.323790000000000078e-03 0.000000000000000000e+00 0.000000000000000000e+00 1.000000000000000000e+00 0.000000000000000000e+00
9.999608197104756790e-01 -8.852064389372912151e-03 0.000000000000000000e+00 -8.095250000000000057e+00 8.852064389372912151e-03 9.999608197104756790e-01 0.000000000000000000e+00 -3.046640000000000199e-03 0.000000000000000000e+00 0.000000000000000000e+00 1.000000000000000000e+00 0.000000000000000000e+00
9.999660502384896121e-01 -8.240046749526339434e-03 0.000000000000000000e+00 -8.084130000000000038e+00 8.240046749526339434e-03 9.999660502384896121e-01 0.000000000000000000e+00 -2.814189999999999834e-03 0.000000000000000000e+00 0.000000000000000000e+00 1.000000000000000000e+00 0.000000000000000000e+00
9.999733718325553022e-01 -7.297645225003729363e-03 0.000000000000000000e+00 -8.053029999999999688e+00 7.297645225003729363e-03 9.999733718325553022e-01 0.000000000000000000e+00 -2.422269999999999805e-03 0.000000000000000000e+00 0.000000000000000000e+00 1.000000000000000000e+00 0.000000000000000000e+00
9.999693902426727288e-01 -7.824230166426969155e-03 0.000000000000000000e+00 -8.014889999999999404e+00 7.824230166426969155e-03 9.999693902426727288e-01 0.000000000000000000e+00 -2.011610000000000047e-03 0.000000000000000000e+00 0.000000000000000000e+00 1.000000000000000000e+00 0.000000000000000000e+00
9.999649584450895912e-01 -8.371492215261339478e-03 0.000000000000000000e+00 -7.974960000000000271e+00 8.371492215261339478e-03 9.999649584450895912e-01 0.000000000000000000e+00 -1.563090000000000052e-03 0.000000000000000000e+00 0.000000000000000000e+00 1.000000000000000000e+00 0.000000000000000000e+00
9.999604947885050166e-01 -8.888692948252058593e-03 0.000000000000000000e+00 -7.935190000000000410e+00 8.888692948252058593e-03 9.999604947885050166e-01 0.000000000000000000e+00 -1.095180000000000068e-03 0.000000000000000000e+00 0.000000000000000000e+00 1.000000000000000000e+00 0.000000000000000000e+00
9.999511140274315313e-01 -9.887848871146326379e-03 0.000000000000000000e+00 -7.895319999999999894e+00 9.887848871146326379e-03 9.999511140274315313e-01 0.000000000000000000e+00 -5.948439999999999717e-04 0.000000000000000000e+00 0.000000000000000000e+00 1.000000000000000000e+00 0.000000000000000000e+00
9.999461085602497912e-01 -1.038171350081716453e-02 0.000000000000000000e+00 -7.855389999999999873e+00 1.038171350081716453e-02 9.999461085602497912e-01 0.000000000000000000e+00 -6.516949999999999328e-05 0.000000000000000000e+00 0.000000000000000000e+00 1.000000000000000000e+00 0.000000000000000000e+00
9.999393299933598822e-01 -1.101527722894624084e-02 0.000000000000000000e+00 -7.815629999999999633e+00 1.101527722894624084e-02 9.999393299933598822e-01 0.000000000000000000e+00 4.833829999999999898e-04 0.000000000000000000e+00 0.000000000000000000e+00 1.000000000000000000e+00 0.000000000000000000e+00
9.999295701806171222e-01 -1.186822136658793013e-02 0.000000000000000000e+00 -7.775750000000000384e+00 1.186822136658793013e-02 9.999295701806171222e-01 0.000000000000000000e+00 1.070390000000000057e-03 0.000000000000000000e+00 0.000000000000000000e+00 1.000000000000000000e+00 0.000000000000000000e+00
9.999237286041690043e-01 -1.235058599160906469e-02 0.000000000000000000e+00 -7.735829999999999984e+00 1.235058599160906469e-02 9.999237286041690043e-01 0.000000000000000000e+00 1.679429999999999985e-03 0.000000000000000000e+00 0.000000000000000000e+00 1.000000000000000000e+00 0.000000000000000000e+00
9.999114658432937119e-01 -1.330640729557662841e-02 0.000000000000000000e+00 -7.696110000000000007e+00 1.330640729557662841e-02 9.999114658432937119e-01 0.000000000000000000e+00 2.312610000000000100e-03 0.000000000000000000e+00 0.000000000000000000e+00 1.000000000000000000e+00 0.000000000000000000e+00
9.999051303200356955e-01 -1.377426439678471927e-02 0.000000000000000000e+00 -7.656189999999999607e+00 1.377426439678471927e-02 9.999051303200356955e-01 0.000000000000000000e+00 2.979219999999999872e-03 0.000000000000000000e+00 0.000000000000000000e+00 1.000000000000000000e+00 0.000000000000000000e+00
9.998981595910051423e-01 -1.427131551472756582e-02 0.000000000000000000e+00 -7.616259999999999586e+00 1.427131551472756582e-02 9.998981595910051423e-01 0.000000000000000000e+00 3.664919999999999897e-03 0.000000000000000000e+00 0.000000000000000000e+00 1.000000000000000000e+00 0.000000000000000000e+00
9.998846918808418360e-01 -1.518561629812648778e-02 0.000000000000000000e+00 -7.576550000000000118e+00 1.518561629812648778e-02 9.998846918808418360e-01 0.000000000000000000e+00 4.381170000000000203e-03 0.000000000000000000e+00 0.000000000000000000e+00 1.000000000000000000e+00 0.000000000000000000e+00
9.998777289697819981e-01 -1.563736263668097023e-02 0.000000000000000000e+00 -7.536629999999999718e+00 1.563736263668097023e-02 9.998777289697819981e-01 0.000000000000000000e+00 5.122970000000000128e-03 0.000000000000000000e+00 0.000000000000000000e+00 1.000000000000000000e+00 0.000000000000000000e+00
9.998626709788250855e-01 -1.657224134176480887e-02 0.000000000000000000e+00 -7.496760000000000090e+00 1.657224134176480887e-02 9.998626709788250855e-01 0.000000000000000000e+00 5.886040000000000369e-03 0.000000000000000000e+00 0.000000000000000000e+00 1.000000000000000000e+00 0.000000000000000000e+00
9.998550134889302443e-01 -1.702797700994506877e-02 0.000000000000000000e+00 -7.456990000000000229e+00 1.702797700994506877e-02 9.998550134889302443e-01 0.000000000000000000e+00 6.681509999999999880e-03 0.000000000000000000e+00 0.000000000000000000e+00 1.000000000000000000e+00 0.000000000000000000e+00
9.998472741323101154e-01 -1.747651024058049021e-02 0.000000000000000000e+00 -7.417069999999999830e+00 1.747651024058049021e-02 9.998472741323101154e-01 0.000000000000000000e+00 7.497329999999999967e-03 0.000000000000000000e+00 0.000000000000000000e+00 1.000000000000000000e+00 0.000000000000000000e+00
9.998307339752551259e-01 -1.839846185154401029e-02 0.000000000000000000e+00 -7.377200000000000202e+00 1.839846185154401029e-02 9.998307339752551259e-01 0.000000000000000000e+00 8.341549999999999659e-03 0.000000000000000000e+00 0.000000000000000000e+00 1.000000000000000000e+00 0.000000000000000000e+00
9.998227923307869691e-01 -1.882508793785449275e-02 0.000000000000000000e+00 -7.337430000000000341e+00 1.882508793785449275e-02 9.998227923307869691e-01 0.000000000000000000e+00 9.208539999999999434e-03 0.000000000000000000e+00 0.000000000000000000e+00 1.000000000000000000e+00 0.000000000000000000e+00
9.998110005506404274e-01 -1.944127511063454758e-02 0.000000000000000000e+00 -7.297530000000000072e+00 1.944127511063454758e-02 9.998110005506404274e-01 0.000000000000000000e+00 1.009679999999999953e-02 0.000000000000000000e+00 0.000000000000000000e+00 1.000000000000000000e+00 0.000000000000000000e+00
9.997971467054892480e-01 -2.014113799075192834e-02 0.000000000000000000e+00 -7.257649999999999935e+00 2.014113799075192834e-02 9.997971467054892480e-01 0.000000000000000000e+00 1.101919999999999983e-02 0.000000000000000000e+00 0.000000000000000000e+00 1.000000000000000000e+00 0.000000000000000000e+00
9.997887431485369403e-01 -2.055405248287598546e-02 0.000000000000000000e+00 -7.217880000000000074e+00 2.055405248287598546e-02 9.997887431485369403e-01 0.000000000000000000e+00 1.195650000000000011e-02 0.000000000000000000e+00 0.000000000000000000e+00 1.000000000000000000e+00 0.000000000000000000e+00
9.997702148787396270e-01 -2.143635793036760204e-02 0.000000000000000000e+00 -7.178020000000000067e+00 2.143635793036760204e-02 9.997702148787396270e-01 0.000000000000000000e+00 1.292019999999999974e-02 0.000000000000000000e+00 0.000000000000000000e+00 1.000000000000000000e+00 0.000000000000000000e+00
9.997616324084084294e-01 -2.183296507747821066e-02 0.000000000000000000e+00 -7.138099999999999667e+00 2.183296507747821066e-02 9.997616324084084294e-01 0.000000000000000000e+00 1.391230000000000071e-02 0.000000000000000000e+00 0.000000000000000000e+00 1.000000000000000000e+00 0.000000000000000000e+00
9.997520382521624116e-01 -2.226795928339288591e-02 0.000000000000000000e+00 -7.098329999999999806e+00 2.226795928339288591e-02 9.997520382521624116e-01 0.000000000000000000e+00 1.491750000000000020e-02 0.000000000000000000e+00 0.000000000000000000e+00 1.000000000000000000e+00 0.000000000000000000e+00
9.997329180615154298e-01 -2.311044231959263201e-02 0.000000000000000000e+00 -7.058469999999999800e+00 2.311044231959263201e-02 9.997329180615154298e-01 0.000000000000000000e+00 1.595620000000000024e-02 0.000000000000000000e+00 0.000000000000000000e+00 1.000000000000000000e+00 0.000000000000000000e+00
9.997240263271072180e-01 -2.349193870921139141e-02 0.000000000000000000e+00 -7.018559999999999910e+00 2.349193870921139141e-02 9.997240263271072180e-01 0.000000000000000000e+00 1.701530000000000056e-02 0.000000000000000000e+00 0.000000000000000000e+00 1.000000000000000000e+00 0.000000000000000000e+00
9.997032757703926409e-01 -2.435899041311633331e-02 0.000000000000000000e+00 -6.978850000000000442e+00 2.435899041311633331e-02 9.997032757703926409e-01 0.000000000000000000e+00 1.808950000000000141e-02 0.000000000000000000e+00 0.000000000000000000e+00 1.000000000000000000e+00 0.000000000000000000e+00
9.996939892303272623e-01 -2.473717641030143133e-02 0.000000000000000000e+00 -6.938930000000000042e+00 2.473717641030143133e-02 9.996939892303272623e-01 0.000000000000000000e+00 1.919910000000000019e-02 0.000000000000000000e+00 0.000000000000000000e+00 1.000000000000000000e+00 0.000000000000000000e+00
9.996844993434266247e-01 -2.511775811019800395e-02 0.000000000000000000e+00 -6.899020000000000152e+00 2.511775811019800395e-02 9.996844993434266247e-01 0.000000000000000000e+00 2.032360000000000069e-02 0.000000000000000000e+00 0.000000000000000000e+00 1.000000000000000000e+00 0.000000000000000000e+00
9.996628322588729798e-01 -2.596578133175115460e-02 0.000000000000000000e+00 -6.859309999999999796e+00 2.596578133175115460e-02 9.996628322588729798e-01 0.000000000000000000e+00 2.146920000000000078e-02 0.000000000000000000e+00 0.000000000000000000e+00 1.000000000000000000e+00 0.000000000000000000e+00
9.996536119503142137e-01 -2.631836079034243631e-02 0.000000000000000000e+00 -6.819399999999999906e+00 2.631836079034243631e-02 9.996536119503142137e-01 0.000000000000000000e+00 2.264270000000000171e-02 0.000000000000000000e+00 0.000000000000000000e+00 1.000000000000000000e+00 0.000000000000000000e+00
9.996369704253603716e-01 -2.694303915313379233e-02 0.000000000000000000e+00 -6.779519999999999769e+00 2.694303915313379233e-02 9.996369704253603716e-01 0.000000000000000000e+00 2.383089999999999861e-02 0.000000000000000000e+00 0.000000000000000000e+00 1.000000000000000000e+00 0.000000000000000000e+00
9.996220775355058041e-01 -2.749003644230473692e-02 0.000000000000000000e+00 -6.739779999999999660e+00 2.749003644230473692e-02 9.996220775355058041e-01 0.000000000000000000e+00 2.504670000000000160e-02 0.000000000000000000e+00 0.000000000000000000e+00 1.000000000000000000e+00 0.000000000000000000e+00
9.996125729509995894e-01 -2.783350495863750468e-02 0.000000000000000000e+00 -6.699869999999999770e+00 2.783350495863750468e-02 9.996125729509995894e-01 0.000000000000000000e+00 2.628130000000000049e-02 0.000000000000000000e+00 0.000000000000000000e+00 1.000000000000000000e+00 0.000000000000000000e+00
9.995897600400397431e-01 -2.864108278497490279e-02 0.000000000000000000e+00 -6.660020000000000273e+00 2.864108278497490279e-02 9.995897600400397431e-01 0.000000000000000000e+00 2.753670000000000076e-02 0.000000000000000000e+00 0.000000000000000000e+00 1.000000000000000000e+00 0.000000000000000000e+00
9.995803931042551715e-01 -2.896614785474093887e-02 0.000000000000000000e+00 -6.620250000000000412e+00 2.896614785474093887e-02 9.995803931042551715e-01 0.000000000000000000e+00 2.881299999999999834e-02 0.000000000000000000e+00 0.000000000000000000e+00 1.000000000000000000e+00 0.000000000000000000e+00
9.995694047663863380e-01 -2.934288763860943075e-02 0.000000000000000000e+00 -6.580339999999999634e+00 2.934288763860943075e-02 9.995694047663863380e-01 0.000000000000000000e+00 3.010710000000000122e-02 0.000000000000000000e+00 0.000000000000000000e+00 1.000000000000000000e+00 0.000000000000000000e+00
9.995468124880374505e-01 -3.010265179355657919e-02 0.000000000000000000e+00 -6.540490000000000137e+00 3.010265179355657919e-02 9.995468124880374505e-01 0.000000000000000000e+00 3.142899999999999860e-02 0.000000000000000000e+00 0.000000000000000000e+00 1.000000000000000000e+00 0.000000000000000000e+00
9.995374022248972867e-01 -3.041350939144997836e-02 0.000000000000000000e+00 -6.500729999999999897e+00 3.041350939144997836e-02 9.995374022248972867e-01 0.000000000000000000e+00 3.276350000000000096e-02 0.000000000000000000e+00 0.000000000000000000e+00 1.000000000000000000e+00 0.000000000000000000e+00
9.995128670497652745e-01 -3.120943129821910841e-02 0.000000000000000000e+00 -6.460880000000000400e+00 3.120943129821910841e-02 9.995128670497652745e-01 0.000000000000000000e+00 3.411879999999999774e-02 0.000000000000000000e+00 0.000000000000000000e+00 1.000000000000000000e+00 0.000000000000000000e+00
9.995033552563589163e-01 -3.151258211065575965e-02 0.000000000000000000e+00 -6.420969999999999622e+00 3.151258211065575965e-02 9.995033552563589163e-01 0.000000000000000000e+00 3.550249999999999934e-02 0.000000000000000000e+00 0.000000000000000000e+00 1.000000000000000000e+00 0.000000000000000000e+00
9.994934587707352547e-01 -3.182492536538934769e-02 0.000000000000000000e+00 -6.381219999999999892e+00 3.182492536538934769e-02 9.994934587707352547e-01 0.000000000000000000e+00 3.689359999999999862e-02 0.000000000000000000e+00 0.000000000000000000e+00 1.000000000000000000e+00 0.000000000000000000e+00
9.994686083878910887e-01 -3.259602502104311933e-02 0.000000000000000000e+00 -6.341370000000000395e+00 3.259602502104311933e-02 9.994686083878910887e-01 0.000000000000000000e+00 3.831169999999999715e-02 0.000000000000000000e+00 0.000000000000000000e+00 1.000000000000000000e+00 0.000000000000000000e+00
9.994593930068984555e-01 -3.287737413909732481e-02 0.000000000000000000e+00 -6.301459999999999617e+00 3.287737413909732481e-02 9.994593930068984555e-01 0.000000000000000000e+00 3.975059999999999705e-02 0.000000000000000000e+00 0.000000000000000000e+00 1.000000000000000000e+00 0.000000000000000000e+00
9.994386527926909514e-01 -3.350192985383149830e-02 0.000000000000000000e+00 -6.261750000000000149e+00 3.350192985383149830e-02 9.994386527926909514e-01 0.000000000000000000e+00 4.119649999999999701e-02 0.000000000000000000e+00 0.000000000000000000e+00 1.000000000000000000e+00 0.000000000000000000e+00
9.994251212123372863e-01 -3.390320176185349782e-02 0.000000000000000000e+00 -6.221860000000000390e+00 3.390320176185349782e-02 9.994251212123372863e-01 0.000000000000000000e+00 4.267640000000000322e-02 0.000000000000000000e+00 0.000000000000000000e+00 1.000000000000000000e+00 0.000000000000000000e+00
9.994158044718187694e-01 -3.417674314424099663e-02 0.000000000000000000e+00 -6.181960000000000122e+00 3.417674314424099663e-02 9.994158044718187694e-01 0.000000000000000000e+00 4.416780000000000012e-02 0.000000000000000000e+00 0.000000000000000000e+00 1.000000000000000000e+00 0.000000000000000000e+00
9.993904983974325473e-01 -3.490890592572815782e-02 0.000000000000000000e+00 -6.142260000000000275e+00 3.490890592572815782e-02 9.993904983974325473e-01 0.000000000000000000e+00 4.567220000000000307e-02 0.000000000000000000e+00 0.000000000000000000e+00 1.000000000000000000e+00 0.000000000000000000e+00
9.993816028133541973e-01 -3.516265004533999927e-02 0.000000000000000000e+00 -6.102360000000000007e+00 3.516265004533999927e-02 9.993816028133541973e-01 0.000000000000000000e+00 4.720379999999999715e-02 0.000000000000000000e+00 0.000000000000000000e+00 1.000000000000000000e+00 0.000000000000000000e+00
9.993701470134184195e-01 -3.548674764441486773e-02 0.000000000000000000e+00 -6.062459999999999738e+00 3.548674764441486773e-02 9.993701470134184195e-01 0.000000000000000000e+00 4.874610000000000054e-02 0.000000000000000000e+00 0.000000000000000000e+00 1.000000000000000000e+00 0.000000000000000000e+00
9.997846642241932091e-01 -2.075151035749588438e-02 0.000000000000000000e+00 -6.022750000000000270e+00 2.075151035749588438e-02 9.997846642241932091e-01 0.000000000000000000e+00 5.005810000000000121e-02 0.000000000000000000e+00 0.000000000000000000e+00 1.000000000000000000e+00 0.000000000000000000e+00
9.997815862309055168e-01 -2.089927830367351372e-02 0.000000000000000000e+00 -5.982829999999999870e+00 2.089927830367351372e-02 9.997815862309055168e-01 0.000000000000000000e+00 5.101870000000000016e-02 0.000000000000000000e+00 0.000000000000000000e+00 1.000000000000000000e+00 0.000000000000000000e+00
9.997672687153688065e-01 -2.157332624820803083e-02 0.000000000000000000e+00 -5.942969999999999864e+00 2.157332624820803083e-02 9.997672687153688065e-01 0.000000000000000000e+00 5.199499999999999955e-02 0.000000000000000000e+00 0.000000000000000000e+00 1.000000000000000000e+00 0.000000000000000000e+00
9.997621495689026361e-01 -2.180927072066067215e-02 0.000000000000000000e+00 -5.903200000000000003e+00 2.180927072066067215e-02 9.997621495689026361e-01 0.000000000000000000e+00 5.298970000000000069e-02 0.000000000000000000e+00 0.000000000000000000e+00 1.000000000000000000e+00 0.000000000000000000e+00
9.997561981287828026e-01 -2.208040541027029430e-02 0.000000000000000000e+00 -5.863279999999999603e+00 2.208040541027029430e-02 9.997561981287828026e-01 0.000000000000000000e+00 5.399759999999999976e-02 0.000000000000000000e+00 0.000000000000000000e+00 1.000000000000000000e+00 0.000000000000000000e+00
9.997411775879657680e-01 -2.275033703107269892e-02 0.000000000000000000e+00 -5.823430000000000106e+00 2.275033703107269892e-02 9.997411775879657680e-01 0.000000000000000000e+00 5.502800000000000052e-02 0.000000000000000000e+00 0.000000000000000000e+00 1.000000000000000000e+00 0.000000000000000000e+00
9.997360311586956927e-01 -2.297537819186737038e-02 0.000000000000000000e+00 -5.783660000000000245e+00 2.297537819186737038e-02 9.997360311586956927e-01 0.000000000000000000e+00 5.606939999999999841e-02 0.000000000000000000e+00 0.000000000000000000e+00 1.000000000000000000e+00 0.000000000000000000e+00
9.997202051492799502e-01 -2.365399366452740348e-02 0.000000000000000000e+00 -5.743800000000000239e+00 2.365399366452740348e-02 9.997202051492799502e-01 0.000000000000000000e+00 5.712659999999999960e-02 0.000000000000000000e+00 0.000000000000000000e+00 1.000000000000000000e+00 0.000000000000000000e+00
9.997142102092265725e-01 -2.390602237391813850e-02 0.000000000000000000e+00 -5.703890000000000349e+00 2.390602237391813850e-02 9.997142102092265725e-01 0.000000000000000000e+00 5.820920000000000261e-02 0.000000000000000000e+00 0.000000000000000000e+00 1.000000000000000000e+00 0.000000000000000000e+00
9.997086926224301173e-01 -2.413565609531801923e-02 0.000000000000000000e+00 -5.664119999999999600e+00 2.413565609531801923e-02 9.997086926224301173e-01 0.000000000000000000e+00 5.929750000000000298e-02 0.000000000000000000e+00 0.000000000000000000e+00 1.000000000000000000e+00 0.000000000000000000e+00
9.996912123964943886e-01 -2.484914198170957642e-02 0.000000000000000000e+00 -5.624270000000000103e+00 2.484914198170957642e-02 9.996912123964943886e-01 0.000000000000000000e+00 6.040870000000000267e-02 0.000000000000000000e+00 0.000000000000000000e+00 1.000000000000000000e+00 0.000000000000000000e+00
9.996859519859442322e-01 -2.505987633561584590e-02 0.000000000000000000e+00 -5.584349999999999703e+00 2.505987633561584590e-02 9.996859519859442322e-01 0.000000000000000000e+00 6.153800000000000242e-02 0.000000000000000000e+00 0.000000000000000000e+00 1.000000000000000000e+00 0.000000000000000000e+00
9.996747651186504990e-01 -2.550223490149328490e-02 0.000000000000000000e+00 -5.544609999999999594e+00 2.550223490149328490e-02 9.996747651186504990e-01 0.000000000000000000e+00 6.267300000000000648e-02 0.000000000000000000e+00 0.000000000000000000e+00 1.000000000000000000e+00 0.000000000000000000e+00
9.996618812417222832e-01 -2.600236897401229930e-02 0.000000000000000000e+00 -5.504730000000000345e+00 2.600236897401229930e-02 9.996618812417222832e-01 0.000000000000000000e+00 6.383859999999999535e-02 0.000000000000000000e+00 0.000000000000000000e+00 1.000000000000000000e+00 0.000000000000000000e+00
9.996566974569661701e-01 -2.620090130952961935e-02 0.000000000000000000e+00 -5.464819999999999567e+00 2.620090130952961935e-02 9.996566974569661701e-01 0.000000000000000000e+00 6.501410000000000522e-02 0.000000000000000000e+00 0.000000000000000000e+00 1.000000000000000000e+00 0.000000000000000000e+00
9.996369273152181378e-01 -2.694463857225198530e-02 0.000000000000000000e+00 -5.425119999999999720e+00 2.694463857225198530e-02 9.996369273152181378e-01 0.000000000000000000e+00 6.620149999999999646e-02 0.000000000000000000e+00 0.000000000000000000e+00 1.000000000000000000e+00 0.000000000000000000e+00
9.996318413443506801e-01 -2.713266980049882163e-02 0.000000000000000000e+00 -5.385200000000000209e+00 2.713266980049882163e-02 9.996318413443506801e-01 0.000000000000000000e+00 6.741500000000000270e-02 0.000000000000000000e+00 0.000000000000000000e+00 1.000000000000000000e+00 0.000000000000000000e+00
9.996259272842544785e-01 -2.734968923213584868e-02 0.000000000000000000e+00 -5.345290000000000319e+00 2.734968923213584868e-02 9.996259272842544785e-01 0.000000000000000000e+00 6.863629999999999731e-02 0.000000000000000000e+00 0.000000000000000000e+00 1.000000000000000000e+00 0.000000000000000000e+00
9.996056760067406621e-01 -2.808010853089715209e-02 0.000000000000000000e+00 -5.305589999999999584e+00 2.808010853089715209e-02 9.996056760067406621e-01 0.000000000000000000e+00 6.987790000000000668e-02 0.000000000000000000e+00 0.000000000000000000e+00 1.000000000000000000e+00 0.000000000000000000e+00
9.996010348307104998e-01 -2.824484316424299285e-02 0.000000000000000000e+00 -5.265679999999999694e+00 2.824484316424299285e-02 9.996010348307104998e-01 0.000000000000000000e+00 7.113640000000000241e-02 0.000000000000000000e+00 0.000000000000000000e+00 1.000000000000000000e+00 0.000000000000000000e+00
9.995791292301279274e-01 -2.900972953233472984e-02 0.000000000000000000e+00 -5.225830000000000197e+00 2.900972953233472984e-02 9.995791292301279274e-01 0.000000000000000000e+00 7.240610000000000102e-02 0.000000000000000000e+00 0.000000000000000000e+00 1.000000000000000000e+00 0.000000000000000000e+00
9.995743844480551310e-01 -2.917276050173659221e-02 0.000000000000000000e+00 -5.186069999999999958e+00 2.917276050173659221e-02 9.995743844480551310e-01 0.000000000000000000e+00 7.369820000000000537e-02 0.000000000000000000e+00 0.000000000000000000e+00 1.000000000000000000e+00 0.000000000000000000e+00
9.995695896067420261e-01 -2.933659035077713223e-02 0.000000000000000000e+00 -5.146160000000000068e+00 2.933659035077713223e-02 9.995695896067420261e-01 0.000000000000000000e+00 7.500089999999999535e-02 0.000000000000000000e+00 0.000000000000000000e+00 1.000000000000000000e+00 0.000000000000000000e+00
9.995462192718400640e-01 -3.012234285992005170e-02 0.000000000000000000e+00 -5.106320000000000192e+00 3.012234285992005170e-02 9.995462192718400640e-01 0.000000000000000000e+00 7.632450000000000345e-02 0.000000000000000000e+00 0.000000000000000000e+00 1.000000000000000000e+00 0.000000000000000000e+00
9.995423614737188878e-01 -3.025008462040355492e-02 0.000000000000000000e+00 -5.066559999999999953e+00 3.025008462040355492e-02 9.995423614737188878e-01 0.000000000000000000e+00 7.766009999999999580e-02 0.000000000000000000e+00 0.000000000000000000e+00 1.000000000000000000e+00 0.000000000000000000e+00
9.995267331904574837e-01 -3.076214618020105263e-02 0.000000000000000000e+00 -5.026679999999999815e+00 3.076214618020105263e-02 9.995267331904574837e-01 0.000000000000000000e+00 7.900749999999999440e-02 0.000000000000000000e+00 0.000000000000000000e+00 1.000000000000000000e+00 0.000000000000000000e+00
9.995135752463362167e-01 -3.118674234809807114e-02 0.000000000000000000e+00 -4.986799999999999677e+00 3.118674234809807114e-02 9.995135752463362167e-01 0.000000000000000000e+00 8.038380000000000525e-02 0.000000000000000000e+00 0.000000000000000000e+00 1.000000000000000000e+00 0.000000000000000000e+00
9.995097411090763107e-01 -3.130938242871034172e-02 0.000000000000000000e+00 -4.947049999999999947e+00 3.130938242871034172e-02 9.995097411090763107e-01 0.000000000000000000e+00 8.176200000000000134e-02 0.000000000000000000e+00 0.000000000000000000e+00 1.000000000000000000e+00 0.000000000000000000e+00
9.994835996460289529e-01 -3.213306768138501218e-02 0.000000000000000000e+00 -4.907199999999999562e+00 3.213306768138501218e-02 9.994835996460289529e-01 0.000000000000000000e+00 8.316089999999999594e-02 0.000000000000000000e+00 0.000000000000000000e+00 1.000000000000000000e+00 0.000000000000000000e+00
9.994805489400178100e-01 -3.222781858209895073e-02 0.000000000000000000e+00 -4.867300000000000182e+00 3.222781858209895073e-02 9.994805489400178100e-01 0.000000000000000000e+00 8.458160000000000678e-02 0.000000000000000000e+00 0.000000000000000000e+00 1.000000000000000000e+00 0.000000000000000000e+00
9.994751853513147433e-01 -3.239373190842612105e-02 0.000000000000000000e+00 -4.827539999999999942e+00 3.239373190842612105e-02 9.994751853513147433e-01 0.000000000000000000e+00 8.600199999999999512e-02 0.000000000000000000e+00 0.000000000000000000e+00 1.000000000000000000e+00 0.000000000000000000e+00
9.995501897120746548e-01 -2.999030254191464850e-02 0.000000000000000000e+00 -4.787670000000000314e+00 2.999030254191464850e-02 9.995501897120746548e-01 0.000000000000000000e+00 8.743969999999999521e-02 0.000000000000000000e+00 0.000000000000000000e+00 1.000000000000000000e+00 0.000000000000000000e+00
9.999102521598329796e-01 -1.339729919272245572e-02 0.000000000000000000e+00 -4.747600000000000264e+00 1.339729919272245572e-02 9.999102521598329796e-01 0.000000000000000000e+00 8.832929999999999948e-02 0.000000000000000000e+00 0.000000000000000000e+00 1.000000000000000000e+00 0.000000000000000000e+00
9.999171878409208736e-01 -1.286924474491784806e-02 0.000000000000000000e+00 -4.707849999999999646e+00 1.286924474491784806e-02 9.999171878409208736e-01 0.000000000000000000e+00 8.899100000000000066e-02 0.000000000000000000e+00 0.000000000000000000e+00 1.000000000000000000e+00 0.000000000000000000e+00
9.999174527352001629e-01 -1.284864644811918415e-02 0.000000000000000000e+00 -4.667930000000000135e+00 1.284864644811918415e-02 9.999174527352001629e-01 0.000000000000000000e+00 8.963790000000000646e-02 0.000000000000000000e+00 0.000000000000000000e+00 1.000000000000000000e+00 0.000000000000000000e+00
9.999176594688136133e-01 -1.283254777546559422e-02 0.000000000000000000e+00 -4.628000000000000114e+00 1.283254777546559422e-02 9.999176594688136133e-01 0.000000000000000000e+00 9.028540000000000176e-02 0.000000000000000000e+00 0.000000000000000000e+00 1.000000000000000000e+00 0.000000000000000000e+00
9.999255247938644287e-01 -1.220429701846207152e-02 0.000000000000000000e+00 -4.588250000000000384e+00 1.220429701846207152e-02 9.999255247938644287e-01 0.000000000000000000e+00 9.091440000000000632e-02 0.000000000000000000e+00 0.000000000000000000e+00 1.000000000000000000e+00 0.000000000000000000e+00
9.999255199120655746e-01 -1.220469698867101410e-02 0.000000000000000000e+00 -4.548329999999999984e+00 1.220469698867101410e-02 9.999255199120655746e-01 0.000000000000000000e+00 9.153600000000000625e-02 0.000000000000000000e+00 0.000000000000000000e+00 1.000000000000000000e+00 0.000000000000000000e+00
9.999304468706079474e-01 -1.179412655292227767e-02 0.000000000000000000e+00 -4.508390000000000342e+00 1.179412655292227767e-02 9.999304468706079474e-01 0.000000000000000000e+00 9.215510000000000368e-02 0.000000000000000000e+00 0.000000000000000000e+00 1.000000000000000000e+00 0.000000000000000000e+00
9.999342351810028839e-01 -1.146844858657116578e-02 0.000000000000000000e+00 -4.468650000000000233e+00 1.146844858657116578e-02 9.999342351810028839e-01 0.000000000000000000e+00 9.274709999999999899e-02 0.000000000000000000e+00 0.000000000000000000e+00 1.000000000000000000e+00 0.000000000000000000e+00
9.999346165259321850e-01 -1.143515077018716908e-02 0.000000000000000000e+00 -4.428729999999999833e+00 1.143515077018716908e-02 9.999346165259321850e-01 0.000000000000000000e+00 9.333930000000000005e-02 0.000000000000000000e+00 0.000000000000000000e+00 1.000000000000000000e+00 0.000000000000000000e+00
9.999431592840659633e-01 -1.066199798354066502e-02 0.000000000000000000e+00 -4.388829999999999565e+00 1.066199798354066502e-02 9.999431592840659633e-01 0.000000000000000000e+00 9.391679999999999473e-02 0.000000000000000000e+00 0.000000000000000000e+00 1.000000000000000000e+00 0.000000000000000000e+00
9.999434765676110670e-01 -1.063219967266426993e-02 0.000000000000000000e+00 -4.349050000000000082e+00 1.063219967266426993e-02 9.999434765676110670e-01 0.000000000000000000e+00 9.447490000000000054e-02 0.000000000000000000e+00 0.000000000000000000e+00 1.000000000000000000e+00 0.000000000000000000e+00
9.999452831923903995e-01 -1.046090919997196694e-02 0.000000000000000000e+00 -4.309120000000000061e+00 1.046090919997196694e-02 9.999452831923903995e-01 0.000000000000000000e+00 9.503300000000000636e-02 0.000000000000000000e+00 0.000000000000000000e+00 1.000000000000000000e+00 0.000000000000000000e+00
9.999526312255266891e-01 -9.733206313736432122e-03 0.000000000000000000e+00 -4.269230000000000302e+00 9.733206313736432122e-03 9.999526312255266891e-01 0.000000000000000000e+00 9.556230000000000280e-02 0.000000000000000000e+00 0.000000000000000000e+00 1.000000000000000000e+00 0.000000000000000000e+00
9.999531653297911715e-01 -9.678178905730326631e-03 0.000000000000000000e+00 -4.229460000000000441e+00 9.678178905730326631e-03 9.999531653297911715e-01 0.000000000000000000e+00 9.608360000000000511e-02 0.000000000000000000e+00 0.000000000000000000e+00 1.000000000000000000e+00 0.000000000000000000e+00
9.999613357572484373e-01 -8.793576665919585963e-03 0.000000000000000000e+00 -4.189569999999999794e+00 8.793576665919585963e-03 9.999613357572484373e-01 0.000000000000000000e+00 9.659510000000000318e-02 0.000000000000000000e+00 0.000000000000000000e+00 1.000000000000000000e+00 0.000000000000000000e+00
9.999620281137331368e-01 -8.714489696454080780e-03 0.000000000000000000e+00 -4.149639999999999773e+00 8.714489696454080780e-03 9.999620281137331368e-01 0.000000000000000000e+00 9.707920000000000438e-02 0.000000000000000000e+00 0.000000000000000000e+00 1.000000000000000000e+00 0.000000000000000000e+00
9.999629756670529446e-01 -8.605073799388069170e-03 0.000000000000000000e+00 -4.109869999999999912e+00 8.605073799388069170e-03 9.999629756670529446e-01 0.000000000000000000e+00 9.755969999999999920e-02 0.000000000000000000e+00 0.000000000000000000e+00 1.000000000000000000e+00 0.000000000000000000e+00
9.999705791744040173e-01 -7.670774772272440437e-03 0.000000000000000000e+00 -4.069980000000000153e+00 7.670774772272440437e-03 9.999705791744040173e-01 0.000000000000000000e+00 9.801469999999999627e-02 0.000000000000000000e+00 0.000000000000000000e+00 1.000000000000000000e+00 0.000000000000000000e+00
9.999711426304115358e-01 -7.596966922995725992e-03 0.000000000000000000e+00 -4.030050000000000132e+00 7.596966922995725992e-03 9.999711426304115358e-01 0.000000000000000000e+00 9.845489999999999797e-02 0.000000000000000000e+00 0.000000000000000000e+00 1.000000000000000000e+00 0.000000000000000000e+00
9.999759499324047951e-01 -6.935384400643920984e-03 0.000000000000000000e+00 -3.990279999999999827e+00 6.935384400643920984e-03 9.999759499324047951e-01 0.000000000000000000e+00 9.888710000000000555e-02 0.000000000000000000e+00 0.000000000000000000e+00 1.000000000000000000e+00 0.000000000000000000e+00
9.999791113334218773e-01 -6.463504994957039625e-03 0.000000000000000000e+00 -3.950390000000000068e+00 6.463504994957039625e-03 9.999791113334218773e-01 0.000000000000000000e+00 9.928359999999999963e-02 0.000000000000000000e+00 0.000000000000000000e+00 1.000000000000000000e+00 0.000000000000000000e+00
9.999798814034479566e-01 -6.343247460578836129e-03 0.000000000000000000e+00 -3.910470000000000113e+00 6.343247460578836129e-03 9.999798814034479566e-01 0.000000000000000000e+00 9.967510000000000259e-02 0.000000000000000000e+00 0.000000000000000000e+00 1.000000000000000000e+00 0.000000000000000000e+00
9.999861734371239264e-01 -5.258605763718214067e-03 0.000000000000000000e+00 -3.870740000000000069e+00 5.258605763718214067e-03 9.999861734371239264e-01 0.000000000000000000e+00 1.000430000000000069e-01 0.000000000000000000e+00 0.000000000000000000e+00 1.000000000000000000e+00 0.000000000000000000e+00
9.999868174569183088e-01 -5.134677437178850230e-03 0.000000000000000000e+00 -3.830810000000000048e+00 5.134677437178850230e-03 9.999868174569183088e-01 0.000000000000000000e+00 1.003860000000000030e-01 0.000000000000000000e+00 0.000000000000000000e+00 1.000000000000000000e+00 0.000000000000000000e+00
9.999883103465505574e-01 -4.835201159303266667e-03 0.000000000000000000e+00 -3.790869999999999962e+00 4.835201159303266667e-03 9.999883103465505574e-01 0.000000000000000000e+00 1.007239999999999941e-01 0.000000000000000000e+00 0.000000000000000000e+00 1.000000000000000000e+00 0.000000000000000000e+00
9.999926301655559513e-01 -3.839220568498868599e-03 0.000000000000000000e+00 -3.751160000000000050e+00 3.839220568498868599e-03 9.999926301655559513e-01 0.000000000000000000e+00 1.010209999999999997e-01 0.000000000000000000e+00 0.000000000000000000e+00 1.000000000000000000e+00 0.000000000000000000e+00
9.999931818433941411e-01 -3.692731607436310331e-03 0.000000000000000000e+00 -3.711230000000000029e+00 3.692731607436310331e-03 9.999931818433941411e-01 0.000000000000000000e+00 1.013069999999999943e-01 0.000000000000000000e+00 0.000000000000000000e+00 1.000000000000000000e+00 0.000000000000000000e+00
9.999968820476440312e-01 -2.497177404636705816e-03 0.000000000000000000e+00 -3.671359999999999957e+00 2.497177404636705816e-03 9.999968820476440312e-01 0.000000000000000000e+00 1.015770000000000006e-01 0.000000000000000000e+00 0.000000000000000000e+00 1.000000000000000000e+00 0.000000000000000000e+00
9.999973007912630329e-01 -2.323447909507443936e-03 0.000000000000000000e+00 -3.631590000000000096e+00 2.323447909507443936e-03 9.999973007912630329e-01 0.000000000000000000e+00 1.018079999999999957e-01 0.000000000000000000e+00 0.000000000000000000e+00 1.000000000000000000e+00 0.000000000000000000e+00
9.999977283973647824e-01 -2.131478386041227215e-03 0.000000000000000000e+00 -3.591660000000000075e+00 2.131478386041227215e-03 9.999977283973647824e-01 0.000000000000000000e+00 1.020339999999999997e-01 0.000000000000000000e+00 0.000000000000000000e+00 1.000000000000000000e+00 0.000000000000000000e+00
9.999996060840334877e-01 -8.875988834535242797e-04 0.000000000000000000e+00 -3.551800000000000068e+00 8.875988834535242797e-04 9.999996060840334877e-01 0.000000000000000000e+00 1.022239999999999954e-01 0.000000000000000000e+00 0.000000000000000000e+00 1.000000000000000000e+00 0.000000000000000000e+00
9.999997439246965936e-01 -7.156469389134914550e-04 0.000000000000000000e+00 -3.512020000000000142e+00 7.156469389134914550e-04 9.999997439246965936e-01 0.000000000000000000e+00 1.023919999999999969e-01 0.000000000000000000e+00 0.000000000000000000e+00 1.000000000000000000e+00 0.000000000000000000e+00
9.999999858901839067e-01 1.679869992099114408e-04 0.000000000000000000e+00 -3.472100000000000186e+00 -1.679869992099114408e-04 9.999999858901839067e-01 0.000000000000000000e+00 1.025490000000000013e-01 0.000000000000000000e+00 0.000000000000000000e+00 1.000000000000000000e+00 0.000000000000000000e+00
9.999996917972342469e-01 7.851149193417935072e-04 0.000000000000000000e+00 -3.432230000000000114e+00 -7.851149193417935072e-04 9.999996917972342469e-01 0.000000000000000000e+00 1.026579999999999993e-01 0.000000000000000000e+00 0.000000000000000000e+00 1.000000000000000000e+00 0.000000000000000000e+00
9.999995214919851216e-01 9.782718439629975362e-04 0.000000000000000000e+00 -3.392450000000000188e+00 -9.782718439629975362e-04 9.999995214919851216e-01 0.000000000000000000e+00 1.027600000000000041e-01 0.000000000000000000e+00 0.000000000000000000e+00 1.000000000000000000e+00 0.000000000000000000e+00
9.999973323207732578e-01 2.309837946028906602e-03 0.000000000000000000e+00 -3.352599999999999802e+00 -2.309837946028906602e-03 9.999973323207732578e-01 0.000000000000000000e+00 1.028320000000000067e-01 0.000000000000000000e+00 0.000000000000000000e+00 1.000000000000000000e+00 0.000000000000000000e+00
9.999968738265183621e-01 2.500467394365121429e-03 0.000000000000000000e+00 -3.312669999999999781e+00 -2.500467394365121429e-03 9.999968738265183621e-01 0.000000000000000000e+00 1.028720000000000051e-01 0.000000000000000000e+00 0.000000000000000000e+00 1.000000000000000000e+00 0.000000000000000000e+00
9.999957154604145471e-01 2.927295819287896103e-03 0.000000000000000000e+00 -3.272870000000000168e+00 -2.927295819287896103e-03 9.999957154604145471e-01 0.000000000000000000e+00 1.029039999999999955e-01 0.000000000000000000e+00 0.000000000000000000e+00 1.000000000000000000e+00 0.000000000000000000e+00
9.999917876199593270e-01 4.052738905752855704e-03 0.000000000000000000e+00 -3.233029999999999848e+00 -4.052738905752855704e-03 9.999917876199593270e-01 0.000000000000000000e+00 1.028889999999999944e-01 0.000000000000000000e+00 0.000000000000000000e+00 1.000000000000000000e+00 0.000000000000000000e+00
9.999909086114471268e-01 4.264117077704610535e-03 0.000000000000000000e+00 -3.193109999999999893e+00 -4.264117077704610535e-03 9.999909086114471268e-01 0.000000000000000000e+00 1.028599999999999931e-01 0.000000000000000000e+00 0.000000000000000000e+00 1.000000000000000000e+00 0.000000000000000000e+00
9.999842376695106116e-01 5.614660499769209140e-03 0.000000000000000000e+00 -3.153399999999999981e+00 -5.614660499769209140e-03 9.999842376695106116e-01 0.000000000000000000e+00 1.028099999999999986e-01 0.000000000000000000e+00 0.000000000000000000e+00 1.000000000000000000e+00 0.000000000000000000e+00
9.999829417584557012e-01 5.840906787907109224e-03 0.000000000000000000e+00 -3.113469999999999960e+00 -5.840906787907109224e-03 9.999829417584557012e-01 0.000000000000000000e+00 1.027170000000000027e-01 0.000000000000000000e+00 0.000000000000000000e+00 1.000000000000000000e+00 0.000000000000000000e+00
9.999813116389116852e-01 6.113621915190666813e-03 0.000000000000000000e+00 -3.073539999999999939e+00 -6.113621915190666813e-03 9.999813116389116852e-01 0.000000000000000000e+00 1.026159999999999989e-01 0.000000000000000000e+00 0.000000000000000000e+00 1.000000000000000000e+00 0.000000000000000000e+00
9.999722521562279809e-01 7.449491096796855179e-03 0.000000000000000000e+00 -3.033840000000000092e+00 -7.449491096796855179e-03 9.999722521562279809e-01 0.000000000000000000e+00 1.024749999999999966e-01 0.000000000000000000e+00 0.000000000000000000e+00 1.000000000000000000e+00 0.000000000000000000e+00
9.999810918844614926e-01 6.149461241465641048e-03 0.000000000000000000e+00 -2.993930000000000202e+00 -6.149461241465641048e-03 9.999810918844614926e-01 0.000000000000000000e+00 1.023140000000000022e-01 0.000000000000000000e+00 0.000000000000000000e+00 1.000000000000000000e+00 0.000000000000000000e+00
