9.999540069477131921e-01 -9.590828390335408987e-03 0.000000000000000000e+00 -8.112955458349999205e+00 9.590828390335408987e-03 9.999540069477131921e-01 0.000000000000000000e+00 -3.353852604949999865e-03 0.000000000000000000e+00 0.000000000000000000e+00 1.000000000000000000e+00 0.000000000000000000e+00
9.999533494852219651e-01 -9.659133153943197034e-03 0.000000000000000000e+00 -8.109781361319996051e+00 9.659133153943197034e-03 9.999533494852219651e-01 0.000000000000000000e+00 -3.323792729179977142e-03 0.000000000000000000e+00 0.000000000000000000e+00 1.000000000000000000e+00 0.000000000000000000e+00
9.999514933790825122e-01 -9.849410588596330812e-03 0.000000000000000000e+00 -8.095138094149994856e+00 9.849410588596330812e-03 9.999514933790825122e-01 0.000000000000000000e+00 -3.179907628609954066e-03 0.000000000000000000e+00 0.000000000000000000e+00 1.000000000000000000e+00 0.000000000000000000e+00
9.999476081337189681e-01 -1.023625847926925778e-02 0.000000000000000000e+00 -8.083905965919994330e+00 1.023625847926925778e-02 9.999476081337189681e-01 0.000000000000000000e+00 -3.069518635909963822e-03 0.000000000000000000e+00 0.000000000000000000e+00 1.000000000000000000e+00 0.000000000000000000e+00
9.999469852952391768e-01 -1.029692181978624811e-02 0.000000000000000000e+00 -8.052696417169993737e+00 1.029692181978624811e-02 9.999469852952391768e-01 0.000000000000000000e+00 -2.748563655619954034e-03 0.000000000000000000e+00 0.000000000000000000e+00 1.000000000000000000e+00 0.000000000000000000e+00
9.999300035068130477e-01 -1.183165613364779711e-02 0.000000000000000000e+00 -8.014438444909991688e+00 1.183165613364779711e-02 9.999300035068130477e-01 0.000000000000000000e+00 -2.356415607199941527e-03 0.000000000000000000e+00 0.000000000000000000e+00 1.000000000000000000e+00 0.000000000000000000e+00
9.999103175057928450e-01 -1.339242119500729314e-02 0.000000000000000000e+00 -7.974401349383012594e+00 1.339242119500729314e-02 9.999103175057928450e-01 0.000000000000000000e+00 -1.880705598536672142e-03 0.000000000000000000e+00 0.000000000000000000e+00 1.000000000000000000e+00 0.000000000000000000e+00
9.998885645070573203e-01 -1.492844827891535650e-02 0.000000000000000000e+00 -7.934516097184314276e+00 1.492844827891535650e-02 9.998885645070573203e-01 0.000000000000000000e+00 -1.345786529320116241e-03 0.000000000000000000e+00 0.000000000000000000e+00 1.000000000000000000e+00 0.000000000000000000e+00
9.998563090662867525e-01 -1.695173207498622270e-02 0.000000000000000000e+00 -7.894537892300062865e+00 1.695173207498622270e-02 9.998563090662867525e-01 0.000000000000000000e+00 -7.372301664165829480e-04 0.000000000000000000e+00 0.000000000000000000e+00 1.000000000000000000e+00 0.000000000000000000e+00
9.998293198081862343e-01 -1.847515228353352815e-02 0.000000000000000000e+00 -7.854502536873892105e+00 1.847515228353352815e-02 9.998293198081862343e-01 0.000000000000000000e+00 -5.797974678588063355e-05 0.000000000000000000e+00 0.000000000000000000e+00 1.000000000000000000e+00 0.000000000000000000e+00
9.997970989729653146e-01 -2.014350727263448937e-02 0.000000000000000000e+00 -7.814629250239629066e+00 2.014350727263448937e-02 9.997970989729653146e-01 0.000000000000000000e+00 6.800680612418107032e-04 0.000000000000000000e+00 0.000000000000000000e+00 1.000000000000000000e+00 0.000000000000000000e+00
9.997571652491477057e-01 -2.203657262344653825e-02 0.000000000000000000e+00 -7.774644822399831234e+00 2.203657262344653825e-02 9.997571652491477057e-01 0.000000000000000000e+00 1.498866737073230315e-03 0.000000000000000000e+00 0.000000000000000000e+00 1.000000000000000000e+00 0.000000000000000000e+00
9.997223195744174840e-01 -2.356445935612047973e-02 0.000000000000000000e+00 -7.734615793351129476e+00 2.356445935612047973e-02 9.997223195744174840e-01 0.000000000000000000e+00 2.381764031834631042e-03 0.000000000000000000e+00 0.000000000000000000e+00 1.000000000000000000e+00 0.000000000000000000e+00
9.996730095401330507e-01 -2.557096003229275896e-02 0.000000000000000000e+00 -7.694794810488865267e+00 2.557096003229275896e-02 9.996730095401330507e-01 0.000000000000000000e+00 3.328335424153725138e-03 0.000000000000000000e+00 0.000000000000000000e+00 1.000000000000000000e+00 0.000000000000000000e+00
9.996328629007668054e-01 -2.709500708279440756e-02 0.000000000000000000e+00 -7.654764818522222569e+00 2.709500708279440756e-02 9.996328629007668054e-01 0.000000000000000000e+00 4.352790317568764299e-03 0.000000000000000000e+00 0.000000000000000000e+00 1.000000000000000000e+00 0.000000000000000000e+00
9.995894019164177635e-01 -2.865357877086566890e-02 0.000000000000000000e+00 -7.614739837903798048e+00 2.865357877086566890e-02 9.995894019164177635e-01 0.000000000000000000e+00 5.438575531883101111e-03 0.000000000000000000e+00 0.000000000000000000e+00 1.000000000000000000e+00 0.000000000000000000e+00
9.995306532113357179e-01 -3.063451143597081469e-02 0.000000000000000000e+00 -7.574922488110069629e+00 3.063451143597081469e-02 9.995306532113357179e-01 0.000000000000000000e+00 6.594447981620870335e-03 0.000000000000000000e+00 0.000000000000000000e+00 1.000000000000000000e+00 0.000000000000000000e+00
9.994827850451676321e-01 -3.215839545678861322e-02 0.000000000000000000e+00 -7.534901882273717710e+00 3.215839545678861322e-02 9.994827850451676321e-01 0.000000000000000000e+00 7.821533506684337153e-03 0.000000000000000000e+00 0.000000000000000000e+00 1.000000000000000000e+00 0.000000000000000000e+00
9.994160165421809294e-01 -3.417054109842412868e-02 0.000000000000000000e+00 -7.494941975226351971e+00 3.417054109842412868e-02 9.994160165421809294e-01 0.000000000000000000e+00 9.111848059465053190e-03 0.000000000000000000e+00 0.000000000000000000e+00 1.000000000000000000e+00 0.000000000000000000e+00
9.993622279933197516e-01 -3.570906411862259655e-02 0.000000000000000000e+00 -7.455072116570962137e+00 3.570906411862259655e-02 9.993622279933197516e-01 0.000000000000000000e+00 1.047609953779444873e-02 0.000000000000000000e+00 0.000000000000000000e+00 1.000000000000000000e+00 0.000000000000000000e+00
9.993061364669170166e-01 -3.724574632845305266e-02 0.000000000000000000e+00 -7.415058682791194400e+00 3.724574632845305266e-02 9.993061364669170166e-01 0.000000000000000000e+00 1.190660438350220687e-02 0.000000000000000000e+00 0.000000000000000000e+00 1.000000000000000000e+00 0.000000000000000000e+00
9.992289979850668136e-01 -3.926078941844449166e-02 0.000000000000000000e+00 -7.375104259843708654e+00 3.926078941844449166e-02 9.992289979850668136e-01 0.000000000000000000e+00 1.340796284318451596e-02 0.000000000000000000e+00 0.000000000000000000e+00 1.000000000000000000e+00 0.000000000000000000e+00
9.991678981073806032e-01 -4.078616667056468581e-02 0.000000000000000000e+00 -7.335244612473164061e+00 4.078616667056468581e-02 9.991678981073806032e-01 0.000000000000000000e+00 1.497388097877453729e-02 0.000000000000000000e+00 0.000000000000000000e+00 1.000000000000000000e+00 0.000000000000000000e+00
9.990961986195122657e-01 -4.250630428583701548e-02 0.000000000000000000e+00 -7.295256114083849219e+00 4.250630428583701548e-02 9.990961986195122657e-01 0.000000000000000000e+00 1.660774440775005661e-02 0.000000000000000000e+00 0.000000000000000000e+00 1.000000000000000000e+00 0.000000000000000000e+00
9.990175935894656245e-01 -4.431532126379499753e-02 0.000000000000000000e+00 -7.255289643451377835e+00 4.431532126379499753e-02 9.990175935894656245e-01 0.000000000000000000e+00 1.831955935568026911e-02 0.000000000000000000e+00 0.000000000000000000e+00 1.000000000000000000e+00 0.000000000000000000e+00
9.989486597737485818e-01 -4.584293987334864262e-02 0.000000000000000000e+00 -7.215440136938425120e+00 4.584293987334864262e-02 9.989486597737485818e-01 0.000000000000000000e+00 2.008783658856611726e-02 0.000000000000000000e+00 0.000000000000000000e+00 1.000000000000000000e+00 0.000000000000000000e+00
9.988547833252096053e-01 -4.784476803526786087e-02 0.000000000000000000e+00 -7.175500184674493021e+00 4.784476803526786087e-02 9.988547833252096053e-01 0.000000000000000000e+00 2.192936322606946903e-02 0.000000000000000000e+00 0.000000000000000000e+00 1.000000000000000000e+00 0.000000000000000000e+00
9.987807182274059947e-01 -4.936675903021203737e-02 0.000000000000000000e+00 -7.135503409617772519e+00 4.936675903021203737e-02 9.987807182274059947e-01 0.000000000000000000e+00 2.384568468597726004e-02 0.000000000000000000e+00 0.000000000000000000e+00 1.000000000000000000e+00 0.000000000000000000e+00
9.987021114778907860e-01 -5.093223468102189150e-02 0.000000000000000000e+00 -7.095662536759935080e+00 5.093223468102189150e-02 9.987021114778907860e-01 0.000000000000000000e+00 2.581584853600473600e-02 0.000000000000000000e+00 0.000000000000000000e+00 1.000000000000000000e+00 0.000000000000000000e+00
9.985992754965797857e-01 -5.291017839419792645e-02 0.000000000000000000e+00 -7.055731467057855255e+00 5.291017839419792645e-02 9.985992754965797857e-01 0.000000000000000000e+00 2.786737432220335459e-02 0.000000000000000000e+00 0.000000000000000000e+00 1.000000000000000000e+00 0.000000000000000000e+00
9.985174318587124453e-01 -5.443287861468999733e-02 0.000000000000000000e+00 -7.015748368674302959e+00 5.443287861468999733e-02 9.985174318587124453e-01 0.000000000000000000e+00 2.998636260905198844e-02 0.000000000000000000e+00 0.000000000000000000e+00 1.000000000000000000e+00 0.000000000000000000e+00
9.984056633636227973e-01 -5.644582680273396713e-02 0.000000000000000000e+00 -6.975977682719099349e+00 5.644582680273396713e-02 9.984056633636227973e-01 0.000000000000000000e+00 3.215967781094797306e-02 0.000000000000000000e+00 0.000000000000000000e+00 1.000000000000000000e+00 0.000000000000000000e+00
9.983179870310482373e-01 -5.797582919006745439e-02 0.000000000000000000e+00 -6.935997785570917173e+00 5.797582919006745439e-02 9.983179870310482373e-01 0.000000000000000000e+00 3.442079647210540688e-02 0.000000000000000000e+00 0.000000000000000000e+00 1.000000000000000000e+00 0.000000000000000000e+00
9.982274979105778545e-01 -5.951354816499681427e-02 0.000000000000000000e+00 -6.896026001435494379e+00 5.951354816499681427e-02 9.982274979105778545e-01 0.000000000000000000e+00 3.674287996132163253e-02 0.000000000000000000e+00 0.000000000000000000e+00 1.000000000000000000e+00 0.000000000000000000e+00
9.981056528740630540e-01 -6.152321269927550629e-02 0.000000000000000000e+00 -6.856265177306226200e+00 6.152321269927550629e-02 9.981056528740630540e-01 0.000000000000000000e+00 3.912529926490775078e-02 0.000000000000000000e+00 0.000000000000000000e+00 1.000000000000000000e+00 0.000000000000000000e+00
9.980107764856523955e-01 -6.304355651853127407e-02 0.000000000000000000e+00 -6.816300679361735781e+00 6.304355651853127407e-02 9.980107764856523955e-01 0.000000000000000000e+00 4.158917433480965875e-02 0.000000000000000000e+00 0.000000000000000000e+00 1.000000000000000000e+00 0.000000000000000000e+00
9.978956289022224979e-01 -6.484068026970322973e-02 0.000000000000000000e+00 -6.776370363439959910e+00 6.484068026970322973e-02 9.978956289022224979e-01 0.000000000000000000e+00 4.411349152764678511e-02 0.000000000000000000e+00 0.000000000000000000e+00 1.000000000000000000e+00 0.000000000000000000e+00
9.977820493303396487e-01 -6.656562201427705661e-02 0.000000000000000000e+00 -6.736590051054831108e+00 6.656562201427705661e-02 9.977820493303396487e-01 0.000000000000000000e+00 4.670679717242771922e-02 0.000000000000000000e+00 0.000000000000000000e+00 1.000000000000000000e+00 0.000000000000000000e+00
9.976790037543339373e-01 -6.809262418030152808e-02 0.000000000000000000e+00 -6.696640247510052824e+00 6.809262418030152808e-02 9.976790037543339373e-01 0.000000000000000000e+00 4.937261994603555498e-02 0.000000000000000000e+00 0.000000000000000000e+00 1.000000000000000000e+00 0.000000000000000000e+00
9.975408042722332391e-01 -7.008811462656101832e-02 0.000000000000000000e+00 -6.656751242541695035e+00 7.008811462656101832e-02 9.975408042722332391e-01 0.000000000000000000e+00 5.210436674017617648e-02 0.000000000000000000e+00 0.000000000000000000e+00 1.000000000000000000e+00 0.000000000000000000e+00
9.974328951839945834e-01 -7.160739909307207995e-02 0.000000000000000000e+00 -6.616957126752278207e+00 7.160739909307207995e-02 9.974328951839945834e-01 0.000000000000000000e+00 5.490080624822043370e-02 0.000000000000000000e+00 0.000000000000000000e+00 1.000000000000000000e+00 0.000000000000000000e+00
9.973184962028894818e-01 -7.318344848124498647e-02 0.000000000000000000e+00 -6.577021182418115508e+00 7.318344848124498647e-02 9.973184962028894818e-01 0.000000000000000000e+00 5.776889317573451199e-02 0.000000000000000000e+00 0.000000000000000000e+00 1.000000000000000000e+00 0.000000000000000000e+00
9.971724777152134456e-01 -7.514685414108902839e-02 0.000000000000000000e+00 -6.537145499429962925e+00 7.514685414108902839e-02 9.971724777152134456e-01 0.000000000000000000e+00 6.071032508442367193e-02 0.000000000000000000e+00 0.000000000000000000e+00 1.000000000000000000e+00 0.000000000000000000e+00
9.970567001895890291e-01 -7.666770250273569065e-02 0.000000000000000000e+00 -6.497369256524722303e+00 7.666770250273569065e-02 9.970567001895890291e-01 0.000000000000000000e+00 6.370837788619926334e-02 0.000000000000000000e+00 0.000000000000000000e+00 1.000000000000000000e+00 0.000000000000000000e+00
9.969001140540918460e-01 -7.867758638226442225e-02 0.000000000000000000e+00 -6.457507596564695085e+00 7.867758638226442225e-02 9.969001140540918460e-01 0.000000000000000000e+00 6.677951172789470258e-02 0.000000000000000000e+00 0.000000000000000000e+00 1.000000000000000000e+00 0.000000000000000000e+00
9.967786910639303555e-01 -8.020125336226116564e-02 0.000000000000000000e+00 -6.417587948494135830e+00 8.020125336226116564e-02 9.967786910639303555e-01 0.000000000000000000e+00 6.993073065136307109e-02 0.000000000000000000e+00 0.000000000000000000e+00 1.000000000000000000e+00 0.000000000000000000e+00
9.966537445884804391e-01 -8.173930142691507306e-02 0.000000000000000000e+00 -6.377827098795679994e+00 8.173930142691507306e-02 9.966537445884804391e-01 0.000000000000000000e+00 7.313070862039494635e-02 0.000000000000000000e+00 0.000000000000000000e+00 1.000000000000000000e+00 0.000000000000000000e+00
9.964876349405857869e-01 -8.374003469379386055e-02 0.000000000000000000e+00 -6.337980032922977180e+00 8.374003469379386055e-02 9.964876349405857869e-01 0.000000000000000000e+00 7.641117517760143141e-02 0.000000000000000000e+00 0.000000000000000000e+00 1.000000000000000000e+00 0.000000000000000000e+00
9.963589276611375389e-01 -8.525776955766591059e-02 0.000000000000000000e+00 -6.298080668631079959e+00 8.525776955766591059e-02 9.963589276611375389e-01 0.000000000000000000e+00 7.976458876141127863e-02 0.000000000000000000e+00 0.000000000000000000e+00 1.000000000000000000e+00 0.000000000000000000e+00
9.961975837358967301e-01 -8.712275339290587173e-02 0.000000000000000000e+00 -6.258377311245189034e+00 8.712275339290587173e-02 9.961975837358967301e-01 0.000000000000000000e+00 8.316443213170000848e-02 0.000000000000000000e+00 0.000000000000000000e+00 1.000000000000000000e+00 0.000000000000000000e+00
9.960521131516514304e-01 -8.877042236088393545e-02 0.000000000000000000e+00 -6.218504188862171489e+00 8.877042236088393545e-02 9.960521131516514304e-01 0.000000000000000000e+00 8.665723023954065296e-02 0.000000000000000000e+00 0.000000000000000000e+00 1.000000000000000000e+00 0.000000000000000000e+00
9.959149657980659320e-01 -9.029607355492932919e-02 0.000000000000000000e+00 -6.178623646495035260e+00 9.029607355492932919e-02 9.959149657980659320e-01 0.000000000000000000e+00 9.021212696179588264e-02 0.000000000000000000e+00 0.000000000000000000e+00 1.000000000000000000e+00 0.000000000000000000e+00
9.957327456425153489e-01 -9.228379736019697022e-02 0.000000000000000000e+00 -6.138954655980783492e+00 9.228379736019697022e-02 9.957327456425153489e-01 0.000000000000000000e+00 9.381861361468053773e-02 0.000000000000000000e+00 0.000000000000000000e+00 1.000000000000000000e+00 0.000000000000000000e+00
9.955910440664864636e-01 -9.380017577064202194e-02 0.000000000000000000e+00 -6.099083764650196748e+00 9.380017577064202194e-02 9.955910440664864636e-01 0.000000000000000000e+00 9.751428435034302511e-02 0.000000000000000000e+00 0.000000000000000000e+00 1.000000000000000000e+00 0.000000000000000000e+00
9.954398007945775007e-01 -9.539183924242054802e-02 0.000000000000000000e+00 -6.059223297734232183e+00 9.539183924242054802e-02 9.954398007945775007e-01 0.000000000000000000e+00 1.012708809611290450e-01 0.000000000000000000e+00 0.000000000000000000e+00 1.000000000000000000e+00 0.000000000000000000e+00
9.966336620144325975e-01 -8.198380169095469128e-02 0.000000000000000000e+00 -6.019545854959129194e+00 8.198380169095469128e-02 9.966336620144325975e-01 0.000000000000000000e+00 1.048369872907221612e-01 0.000000000000000000e+00 0.000000000000000000e+00 1.000000000000000000e+00 0.000000000000000000e+00
9.965151391655542312e-01 -8.341209393041380815e-02 0.000000000000000000e+00 -5.979641077885338163e+00 8.341209393041380815e-02 9.965151391655542312e-01 0.000000000000000000e+00 1.081159602386055907e-01 0.000000000000000000e+00 0.000000000000000000e+00 1.000000000000000000e+00 0.000000000000000000e+00
9.963493025053704599e-01 -8.537017861678511399e-02 0.000000000000000000e+00 -5.939799679367425256e+00 8.537017861678511399e-02 9.963493025053704599e-01 0.000000000000000000e+00 1.114582750032753339e-01 0.000000000000000000e+00 0.000000000000000000e+00 1.000000000000000000e+00 0.000000000000000000e+00
9.962173191054294330e-01 -8.689679576596071042e-02 0.000000000000000000e+00 -5.900051400953607583e+00 8.689679576596071042e-02 9.962173191054294330e-01 0.000000000000000000e+00 1.148647712626300194e-01 0.000000000000000000e+00 0.000000000000000000e+00 1.000000000000000000e+00 0.000000000000000000e+00
9.960794008272874089e-01 -8.846370582081679312e-02 0.000000000000000000e+00 -5.860164474588097860e+00 8.846370582081679312e-02 9.960794008272874089e-01 0.000000000000000000e+00 1.183453884191243421e-01 0.000000000000000000e+00 0.000000000000000000e+00 1.000000000000000000e+00 0.000000000000000000e+00
9.959025435341037902e-01 -9.043297950583319145e-02 0.000000000000000000e+00 -5.820340835397683321e+00 9.043297950583319145e-02 9.959025435341037902e-01 0.000000000000000000e+00 1.218965349094378869e-01 0.000000000000000000e+00 0.000000000000000000e+00 1.000000000000000000e+00 0.000000000000000000e+00
9.957623041602038372e-01 -9.196430619301042275e-02 0.000000000000000000e+00 -5.780614391646207828e+00 9.196430619301042275e-02 9.957623041602038372e-01 0.000000000000000000e+00 1.255044911357671433e-01 0.000000000000000000e+00 0.000000000000000000e+00 1.000000000000000000e+00 0.000000000000000000e+00
9.955766757144843826e-01 -9.395255597000196079e-02 0.000000000000000000e+00 -5.740804780373711225e+00 9.395255597000196079e-02 9.955766757144843826e-01 0.000000000000000000e+00 1.291864947642344663e-01 0.000000000000000000e+00 0.000000000000000000e+00 1.000000000000000000e+00 0.000000000000000000e+00
9.954274088471022353e-01 -9.552106425257189670e-02 0.000000000000000000e+00 -5.700940294992541624e+00 9.552106425257189670e-02 9.954274088471022353e-01 0.000000000000000000e+00 1.329506238106601679e-01 0.000000000000000000e+00 0.000000000000000000e+00 1.000000000000000000e+00 0.000000000000000000e+00
9.952773194159156844e-01 -9.707243406997345669e-02 0.000000000000000000e+00 -5.661234221382398069e+00 9.707243406997345669e-02 9.952773194159156844e-01 0.000000000000000000e+00 1.367621641872064642e-01 0.000000000000000000e+00 0.000000000000000000e+00 1.000000000000000000e+00 0.000000000000000000e+00
9.950764236696614251e-01 -9.911060012327845004e-02 0.000000000000000000e+00 -5.621444906692031118e+00 9.911060012327845004e-02 9.950764236696614251e-01 0.000000000000000000e+00 1.406560173098592159e-01 0.000000000000000000e+00 0.000000000000000000e+00 1.000000000000000000e+00 0.000000000000000000e+00
9.949215350792155466e-01 -1.006535594781288040e-01 0.000000000000000000e+00 -5.581600069092005789e+00 1.006535594781288040e-01 9.949215350792155466e-01 0.000000000000000000e+00 1.446256097132842533e-01 0.000000000000000000e+00 0.000000000000000000e+00 1.000000000000000000e+00 0.000000000000000000e+00
9.947399977328871268e-01 -1.024321087861400914e-01 0.000000000000000000e+00 -5.541930726114382644e+00 1.024321087861400914e-01 9.947399977328871268e-01 0.000000000000000000e+00 1.486412682232313431e-01 0.000000000000000000e+00 0.000000000000000000e+00 1.000000000000000000e+00 0.000000000000000000e+00
9.945486920108288498e-01 -1.042731951152812836e-01 0.000000000000000000e+00 -5.502144248541505078e+00 1.042731951152812836e-01 9.945486920108288498e-01 0.000000000000000000e+00 1.527505808025689527e-01 0.000000000000000000e+00 0.000000000000000000e+00 1.000000000000000000e+00 0.000000000000000000e+00
9.943853628311194459e-01 -1.058194225424751722e-01 0.000000000000000000e+00 -5.462323676597791611e+00 1.058194225424751722e-01 9.943853628311194459e-01 0.000000000000000000e+00 1.569265978587763288e-01 0.000000000000000000e+00 0.000000000000000000e+00 1.000000000000000000e+00 0.000000000000000000e+00
9.941603416205540000e-01 -1.079129980535397798e-01 0.000000000000000000e+00 -5.422721091118522629e+00 1.079129980535397798e-01 9.941603416205540000e-01 0.000000000000000000e+00 1.611516760561622630e-01 0.000000000000000000e+00 0.000000000000000000e+00 1.000000000000000000e+00 0.000000000000000000e+00
9.939913199192649262e-01 -1.094589234606180989e-01 0.000000000000000000e+00 -5.382911266054679622e+00 1.094589234606180989e-01 9.939913199192649262e-01 0.000000000000000000e+00 1.654740608667090440e-01 0.000000000000000000e+00 0.000000000000000000e+00 1.000000000000000000e+00 0.000000000000000000e+00
9.938160540839576784e-01 -1.110389600320184217e-01 0.000000000000000000e+00 -5.343114041560664162e+00 1.110389600320184217e-01 9.938160540839576784e-01 0.000000000000000000e+00 1.698582206898863745e-01 0.000000000000000000e+00 0.000000000000000000e+00 1.000000000000000000e+00 0.000000000000000000e+00
9.935796965855601126e-01 -1.131343737904012964e-01 0.000000000000000000e+00 -5.303531941785764481e+00 1.131343737904012964e-01 9.935796965855601126e-01 0.000000000000000000e+00 1.742997535913113349e-01 0.000000000000000000e+00 0.000000000000000000e+00 1.000000000000000000e+00 0.000000000000000000e+00
9.934033355696383349e-01 -1.146726335230708049e-01 0.000000000000000000e+00 -5.263748909763365624e+00 1.146726335230708049e-01 9.934033355696383349e-01 0.000000000000000000e+00 1.788305344554779741e-01 0.000000000000000000e+00 0.000000000000000000e+00 1.000000000000000000e+00 0.000000000000000000e+00
9.931540075561618997e-01 -1.168123164530829178e-01 0.000000000000000000e+00 -5.224037631303062312e+00 1.168123164530829178e-01 9.931540075561618997e-01 0.000000000000000000e+00 1.834218782478141130e-01 0.000000000000000000e+00 0.000000000000000000e+00 1.000000000000000000e+00 0.000000000000000000e+00
9.929708669471484228e-01 -1.183590190658421887e-01 0.000000000000000000e+00 -5.184417410416212846e+00 1.183590190658421887e-01 9.929708669471484228e-01 0.000000000000000000e+00 1.880834481205293507e-01 0.000000000000000000e+00 0.000000000000000000e+00 1.000000000000000000e+00 0.000000000000000000e+00
9.927845653481479626e-01 -1.199116625124052732e-01 0.000000000000000000e+00 -5.144660687872966598e+00 1.199116625124052732e-01 9.927845653481479626e-01 0.000000000000000000e+00 1.928236067935791831e-01 0.000000000000000000e+00 0.000000000000000000e+00 1.000000000000000000e+00 0.000000000000000000e+00
9.925194025867566383e-01 -1.220869996716591466e-01 0.000000000000000000e+00 -5.104973438127499819e+00 1.220869996716591466e-01 9.925194025867566383e-01 0.000000000000000000e+00 1.976348044297605022e-01 0.000000000000000000e+00 0.000000000000000000e+00 1.000000000000000000e+00 0.000000000000000000e+00
9.923303734434264500e-01 -1.236140361837194807e-01 0.000000000000000000e+00 -5.065380612576202424e+00 1.236140361837194807e-01 9.923303734434264500e-01 0.000000000000000000e+00 2.025056710185521580e-01 0.000000000000000000e+00 0.000000000000000000e+00 1.000000000000000000e+00 0.000000000000000000e+00
9.920901265055428464e-01 -1.255276100713144105e-01 0.000000000000000000e+00 -5.025676948712088254e+00 1.255276100713144105e-01 9.920901265055428464e-01 0.000000000000000000e+00 2.074552496027591286e-01 0.000000000000000000e+00 0.000000000000000000e+00 1.000000000000000000e+00 0.000000000000000000e+00
9.918566365806322782e-01 -1.273593831288279965e-01 0.000000000000000000e+00 -4.985988412086722832e+00 1.273593831288279965e-01 9.918566365806322782e-01 0.000000000000000000e+00 2.124893402644222884e-01 0.000000000000000000e+00 0.000000000000000000e+00 1.000000000000000000e+00 0.000000000000000000e+00
9.916580373087330313e-01 -1.288966137685218227e-01 0.000000000000000000e+00 -4.946424780287248524e+00 1.288966137685218227e-01 9.916580373087330313e-01 0.000000000000000000e+00 2.175703807200070339e-01 0.000000000000000000e+00 0.000000000000000000e+00 1.000000000000000000e+00 0.000000000000000000e+00
9.913646124333974630e-01 -1.311343022049516749e-01 0.000000000000000000e+00 -4.906785562387687705e+00 1.311343022049516749e-01 9.913646124333974630e-01 0.000000000000000000e+00 2.227368665815556981e-01 0.000000000000000000e+00 0.000000000000000000e+00 1.000000000000000000e+00 0.000000000000000000e+00
9.911624125460731793e-01 -1.326539556735792103e-01 0.000000000000000000e+00 -4.867088370490921356e+00 1.326539556735792103e-01 9.911624125460731793e-01 0.000000000000000000e+00 2.279885546877949143e-01 0.000000000000000000e+00 0.000000000000000000e+00 1.000000000000000000e+00 0.000000000000000000e+00
9.909476022192006406e-01 -1.342492072826385052e-01 0.000000000000000000e+00 -4.827554570067230877e+00 1.342492072826385052e-01 9.909476022192006406e-01 0.000000000000000000e+00 2.332812567069713905e-01 0.000000000000000000e+00 0.000000000000000000e+00 1.000000000000000000e+00 0.000000000000000000e+00
9.910754096322041962e-01 -1.333024096644866430e-01 0.000000000000000000e+00 -4.787913195068533412e+00 1.333024096644866430e-01 9.910754096322041962e-01 0.000000000000000000e+00 2.386601799753099717e-01 0.000000000000000000e+00 0.000000000000000000e+00 1.000000000000000000e+00 0.000000000000000000e+00
9.929802284947771840e-01 -1.182804540846034841e-01 0.000000000000000000e+00 -4.748026556876809856e+00 1.182804540846034841e-01 9.929802284947771840e-01 0.000000000000000000e+00 2.435719751164697744e-01 0.000000000000000000e+00 0.000000000000000000e+00 1.000000000000000000e+00 0.000000000000000000e+00
9.928695747192829435e-01 -1.192057364255183771e-01 0.000000000000000000e+00 -4.708436711845338962e+00 1.192057364255183771e-01 9.928695747192829435e-01 0.000000000000000000e+00 2.482819276196145397e-01 0.000000000000000000e+00 0.000000000000000000e+00 1.000000000000000000e+00 0.000000000000000000e+00
9.926963047900946302e-01 -1.206401527522717176e-01 0.000000000000000000e+00 -4.668680406198871147e+00 1.206401527522717176e-01 9.926963047900946302e-01 0.000000000000000000e+00 2.530533561263910713e-01 0.000000000000000000e+00 0.000000000000000000e+00 1.000000000000000000e+00 0.000000000000000000e+00
9.925197407116025383e-01 -1.220842508179220270e-01 0.000000000000000000e+00 -4.628932178698810240e+00 1.220842508179220270e-01 9.925197407116025383e-01 0.000000000000000000e+00 2.578835949957844487e-01 0.000000000000000000e+00 0.000000000000000000e+00 1.000000000000000000e+00 0.000000000000000000e+00
9.924158673041547640e-01 -1.229257756654084932e-01 0.000000000000000000e+00 -4.589361247250341336e+00 1.229257756654084932e-01 9.924158673041547640e-01 0.000000000000000000e+00 2.627348617584381874e-01 0.000000000000000000e+00 0.000000000000000000e+00 1.000000000000000000e+00 0.000000000000000000e+00
9.922326009461589491e-01 -1.243964051716147240e-01 0.000000000000000000e+00 -4.549623519137629302e+00 1.243964051716147240e-01 9.922326009461589491e-01 0.000000000000000000e+00 2.676566230358486953e-01 0.000000000000000000e+00 0.000000000000000000e+00 1.000000000000000000e+00 0.000000000000000000e+00
9.920981187121005185e-01 -1.254644286158869415e-01 0.000000000000000000e+00 -4.509882579052071350e+00 1.254644286158869415e-01 9.920981187121005185e-01 0.000000000000000000e+00 2.726358298365856858e-01 0.000000000000000000e+00 0.000000000000000000e+00 1.000000000000000000e+00 0.000000000000000000e+00
9.919510561672633120e-01 -1.266218866099017293e-01 0.000000000000000000e+00 -4.470341032333375431e+00 1.266218866099017293e-01 9.919510561672633120e-01 0.000000000000000000e+00 2.776249702424166133e-01 0.000000000000000000e+00 0.000000000000000000e+00 1.000000000000000000e+00 0.000000000000000000e+00
9.917645519175466440e-01 -1.280744844213235201e-01 0.000000000000000000e+00 -4.430623800629704512e+00 1.280744844213235201e-01 9.917645519175466440e-01 0.000000000000000000e+00 2.826944918741430279e-01 0.000000000000000000e+00 0.000000000000000000e+00 1.000000000000000000e+00 0.000000000000000000e+00
9.916707854731049432e-01 -1.287984985904539470e-01 0.000000000000000000e+00 -4.390940614749895943e+00 1.287984985904539470e-01 9.916707854731049432e-01 0.000000000000000000e+00 2.878055364831716423e-01 0.000000000000000000e+00 0.000000000000000000e+00 1.000000000000000000e+00 0.000000000000000000e+00
9.914792299801289399e-01 -1.302648706214017127e-01 0.000000000000000000e+00 -4.351379711261430749e+00 1.302648706214017127e-01 9.914792299801289399e-01 0.000000000000000000e+00 2.929432168931218050e-01 0.000000000000000000e+00 0.000000000000000000e+00 1.000000000000000000e+00 0.000000000000000000e+00
9.913034225856456327e-01 -1.315960651766798495e-01 0.000000000000000000e+00 -4.311672528273222227e+00 1.315960651766798495e-01 9.913034225856456327e-01 0.000000000000000000e+00 2.981590032381034594e-01 0.000000000000000000e+00 0.000000000000000000e+00 1.000000000000000000e+00 0.000000000000000000e+00
9.911989375539561609e-01 -1.323807621669725598e-01 0.000000000000000000e+00 -4.272015793616827928e+00 1.323807621669725598e-01 9.911989375539561609e-01 0.000000000000000000e+00 3.034007901980098620e-01 0.000000000000000000e+00 0.000000000000000000e+00 1.000000000000000000e+00 0.000000000000000000e+00
9.910032997369255803e-01 -1.338374383740409956e-01 0.000000000000000000e+00 -4.232476880263332575e+00 1.338374383740409956e-01 9.910032997369255803e-01 0.000000000000000000e+00 3.086810749338392279e-01 0.000000000000000000e+00 0.000000000000000000e+00 1.000000000000000000e+00 0.000000000000000000e+00
9.909166962299710280e-01 -1.344771398144655183e-01 0.000000000000000000e+00 -4.192830612916736754e+00 1.344771398144655183e-01 9.909166962299710280e-01 0.000000000000000000e+00 3.140263648434128974e-01 0.000000000000000000e+00 0.000000000000000000e+00 1.000000000000000000e+00 0.000000000000000000e+00
9.907197830500787950e-01 -1.359202393803248254e-01 0.000000000000000000e+00 -4.153151535915633019e+00 1.359202393803248254e-01 9.907197830500787950e-01 0.000000000000000000e+00 3.194098246892109194e-01 0.000000000000000000e+00 0.000000000000000000e+00 1.000000000000000000e+00 0.000000000000000000e+00
9.905241949708522009e-01 -1.373383383376441946e-01 0.000000000000000000e+00 -4.113630678380393313e+00 1.373383383376441946e-01 9.905241949708522009e-01 0.000000000000000000e+00 3.248312520569764383e-01 0.000000000000000000e+00 0.000000000000000000e+00 1.000000000000000000e+00 0.000000000000000000e+00
9.904399592114668804e-01 -1.379445076731504183e-01 0.000000000000000000e+00 -4.074006224648134555e+00 1.379445076731504183e-01 9.904399592114668804e-01 0.000000000000000000e+00 3.303025326025766928e-01 0.000000000000000000e+00 0.000000000000000000e+00 1.000000000000000000e+00 0.000000000000000000e+00
9.902350099780545811e-01 -1.394081239159402907e-01 0.000000000000000000e+00 -4.034347918896593832e+00 1.394081239159402907e-01 9.902350099780545811e-01 0.000000000000000000e+00 3.358256224543517132e-01 0.000000000000000000e+00 0.000000000000000000e+00 1.000000000000000000e+00 0.000000000000000000e+00
9.901097762510499001e-01 -1.402948002318546439e-01 0.000000000000000000e+00 -3.994845253852287836e+00 1.402948002318546439e-01 9.901097762510499001e-01 0.000000000000000000e+00 3.413826965429191951e-01 0.000000000000000000e+00 0.000000000000000000e+00 1.000000000000000000e+00 0.000000000000000000e+00
9.899561879619835914e-01 -1.413744882069526421e-01 0.000000000000000000e+00 -3.955242633006827102e+00 1.413744882069526421e-01 9.899561879619835914e-01 0.000000000000000000e+00 3.469798107306841239e-01 0.000000000000000000e+00 0.000000000000000000e+00 1.000000000000000000e+00 0.000000000000000000e+00
9.897505012733046614e-01 -1.428073710606075075e-01 0.000000000000000000e+00 -3.915605091132775328e+00 1.428073710606075075e-01 9.897505012733046614e-01 0.000000000000000000e+00 3.526397747185738840e-01 0.000000000000000000e+00 0.000000000000000000e+00 1.000000000000000000e+00 0.000000000000000000e+00
9.896806175528728433e-01 -1.432908763325993762e-01 0.000000000000000000e+00 -3.876169456423617543e+00 1.432908763325993762e-01 9.896806175528728433e-01 0.000000000000000000e+00 3.583114912995383761e-01 0.000000000000000000e+00 0.000000000000000000e+00 1.000000000000000000e+00 0.000000000000000000e+00
9.894711344088052973e-01 -1.447303498639867236e-01 0.000000000000000000e+00 -3.836539717106417502e+00 1.447303498639867236e-01 9.894711344088052973e-01 0.000000000000000000e+00 3.640482576394590275e-01 0.000000000000000000e+00 0.000000000000000000e+00 1.000000000000000000e+00 0.000000000000000000e+00
9.892844180311275437e-01 -1.460011652036147800e-01 0.000000000000000000e+00 -3.796907870756884407e+00 1.460011652036147800e-01 9.892844180311275437e-01 0.000000000000000000e+00 3.698441653449294764e-01 0.000000000000000000e+00 0.000000000000000000e+00 1.000000000000000000e+00 0.000000000000000000e+00
9.891976219960151306e-01 -1.465880780876424871e-01 0.000000000000000000e+00 -3.757505678385455017e+00 1.465880780876424871e-01 9.891976219960151306e-01 0.000000000000000000e+00 3.756301001745366852e-01 0.000000000000000000e+00 0.000000000000000000e+00 1.000000000000000000e+00 0.000000000000000000e+00
9.889843011037020570e-01 -1.480204451095252782e-01 0.000000000000000000e+00 -3.717897931570323777e+00 1.480204451095252782e-01 9.889843011037020570e-01 0.000000000000000000e+00 3.814987492343567266e-01 0.000000000000000000e+00 0.000000000000000000e+00 1.000000000000000000e+00 0.000000000000000000e+00
9.889243524520238138e-01 -1.484204336583925254e-01 0.000000000000000000e+00 -3.678355759827107718e+00 1.484204336583925254e-01 9.889243524520238138e-01 0.000000000000000000e+00 3.874053217957380557e-01 0.000000000000000000e+00 0.000000000000000000e+00 1.000000000000000000e+00 0.000000000000000000e+00
9.887108549944416680e-01 -1.498360611340277815e-01 0.000000000000000000e+00 -3.638904334993706247e+00 1.498360611340277815e-01 9.887108549944416680e-01 0.000000000000000000e+00 3.933244941685309914e-01 0.000000000000000000e+00 0.000000000000000000e+00 1.000000000000000000e+00 0.000000000000000000e+00
9.884972794709545596e-01 -1.512386474368289657e-01 0.000000000000000000e+00 -3.599313405583484116e+00 1.512386474368289657e-01 9.884972794709545596e-01 0.000000000000000000e+00 3.993237129682683517e-01 0.000000000000000000e+00 0.000000000000000000e+00 1.000000000000000000e+00 0.000000000000000000e+00
9.884409197865606789e-01 -1.516065568882097037e-01 0.000000000000000000e+00 -3.559795658011394526e+00 1.516065568882097037e-01 9.884409197865606789e-01 0.000000000000000000e+00 4.053407671842108040e-01 0.000000000000000000e+00 0.000000000000000000e+00 1.000000000000000000e+00 0.000000000000000000e+00
9.882201331086921670e-01 -1.530391078079022249e-01 0.000000000000000000e+00 -3.520365304796257533e+00 1.530391078079022249e-01 9.882201331086921670e-01 0.000000000000000000e+00 4.113877041321741257e-01 0.000000000000000000e+00 0.000000000000000000e+00 1.000000000000000000e+00 0.000000000000000000e+00
9.881061309413202709e-01 -1.537734502317430196e-01 0.000000000000000000e+00 -3.480810544038431598e+00 1.537734502317430196e-01 9.881061309413202709e-01 0.000000000000000000e+00 4.175083238760610160e-01 0.000000000000000000e+00 0.000000000000000000e+00 1.000000000000000000e+00 0.000000000000000000e+00
9.879495435417614546e-01 -1.547762882861104528e-01 0.000000000000000000e+00 -3.441296719885723832e+00 1.547762882861104528e-01 9.879495435417614546e-01 0.000000000000000000e+00 4.236402450432932287e-01 0.000000000000000000e+00 0.000000000000000000e+00 1.000000000000000000e+00 0.000000000000000000e+00
9.877249711308704327e-01 -1.562030134297067441e-01 0.000000000000000000e+00 -3.401886599472041972e+00 1.562030134297067441e-01 9.877249711308704327e-01 0.000000000000000000e+00 4.298137110677844874e-01 0.000000000000000000e+00 0.000000000000000000e+00 1.000000000000000000e+00 0.000000000000000000e+00
9.876763091671758588e-01 -1.565104095896025227e-01 0.000000000000000000e+00 -3.362405154667575058e+00 1.565104095896025227e-01 9.876763091671758588e-01 0.000000000000000000e+00 4.360354036572521852e-01 0.000000000000000000e+00 0.000000000000000000e+00 1.000000000000000000e+00 0.000000000000000000e+00
9.874471474107182623e-01 -1.579497738853563593e-01 0.000000000000000000e+00 -3.322856177241731324e+00 1.579497738853563593e-01 9.874471474107182623e-01 0.000000000000000000e+00 4.423015794180539251e-01 0.000000000000000000e+00 0.000000000000000000e+00 1.000000000000000000e+00 0.000000000000000000e+00
9.872526589207881731e-01 -1.591608854393377070e-01 0.000000000000000000e+00 -3.283448355624731363e+00 1.591608854393377070e-01 9.872526589207881731e-01 0.000000000000000000e+00 4.486037605877311041e-01 0.000000000000000000e+00 0.000000000000000000e+00 1.000000000000000000e+00 0.000000000000000000e+00
9.871676324389774271e-01 -1.596873992048965518e-01 0.000000000000000000e+00 -3.244000148190441912e+00 1.596873992048965518e-01 9.871676324389774271e-01 0.000000000000000000e+00 4.549317004487177796e-01 0.000000000000000000e+00 0.000000000000000000e+00 1.000000000000000000e+00 0.000000000000000000e+00
9.869346056042954674e-01 -1.611213339713080950e-01 0.000000000000000000e+00 -3.204473496356643913e+00 1.611213339713080950e-01 9.869346056042954674e-01 0.000000000000000000e+00 4.613250033205025247e-01 0.000000000000000000e+00 0.000000000000000000e+00 1.000000000000000000e+00 0.000000000000000000e+00
9.868831797217937352e-01 -1.614360231862819739e-01 0.000000000000000000e+00 -3.165172491223685824e+00 1.614360231862819739e-01 9.868831797217937352e-01 0.000000000000000000e+00 4.677274485150713645e-01 0.000000000000000000e+00 0.000000000000000000e+00 1.000000000000000000e+00 0.000000000000000000e+00
9.866483025015927444e-01 -1.628653651662177182e-01 0.000000000000000000e+00 -3.125654978462777400e+00 1.628653651662177182e-01 9.866483025015927444e-01 0.000000000000000000e+00 4.741903624675253281e-01 0.000000000000000000e+00 0.000000000000000000e+00 1.000000000000000000e+00 0.000000000000000000e+00
9.864181148493665896e-01 -1.642537752900120884e-01 0.000000000000000000e+00 -3.086145252061999411e+00 1.642537752900120884e-01 9.864181148493665896e-01 0.000000000000000000e+00 4.807115643303269126e-01 0.000000000000000000e+00 0.000000000000000000e+00 1.000000000000000000e+00 0.000000000000000000e+00
9.863606505620443610e-01 -1.645985024926427676e-01 0.000000000000000000e+00 -3.046865198125322305e+00 1.645985024926427676e-01 9.863606505620443610e-01 0.000000000000000000e+00 4.872212832629542745e-01 0.000000000000000000e+00 0.000000000000000000e+00 1.000000000000000000e+00 0.000000000000000000e+00
9.858639650010371236e-01 -1.675477320420478422e-01 0.000000000000000000e+00 -3.007381939301062790e+00 1.675477320420478422e-01 9.858639650010371236e-01 0.000000000000000000e+00 4.938131540769719607e-01 0.000000000000000000e+00 0.000000000000000000e+00 1.000000000000000000e+00 0.000000000000000000e+00
