-9.978506624649753354e-01 6.525955979899855652e-02 -5.936772949253421409e-03 1.187832713129999940e+00 -6.526056779188654788e-02 -9.978682566934519160e-01 -2.398023902334215913e-05 -7.809976935389999486e-01 -5.925682213098891656e-03 3.635084761242807520e-04 9.999823769206622748e-01 7.672029018399999956e+00
-9.978617456083830328e-01 6.507682948540924328e-02 -6.078068403517305346e-03 1.191697239879999870e+00 -6.507650976273821053e-02 -9.978802458672769715e-01 -2.505692787569168203e-04 -7.804697155950002241e-01 -6.081490647127920854e-03 1.455059799038740096e-04 9.999814969785786323e-01 7.673771858219999409e+00
-9.978647142671045467e-01 6.502361067600936906e-02 -6.159713896321337284e-03 1.195187568659999755e+00 -6.502232052157488895e-02 -9.978837256844003134e-01 -4.096928242498690622e-04 -7.800598740580002577e-01 -6.173317958711887002e-03 -8.299121719573842367e-06 9.999809448567034131e-01 7.675365924839999465e+00
-9.978655867613838160e-01 6.499083065341694498e-02 -6.361028874172481272e-03 1.197721719739999857e+00 -6.498924684454511491e-02 -9.978858603226762325e-01 -4.555904422423923041e-04 -7.798076272010003862e-01 -6.377189971920081864e-03 -4.121954828220880489e-05 9.999796646677425738e-01 7.676893711089998185e+00
-9.978728959154445910e-01 6.489574914173068532e-02 -6.182664527362718640e-03 1.202679395679999708e+00 -6.489365859304360717e-02 -9.978920398766277788e-01 -5.383542257901812594e-04 -7.791286706920003136e-01 -6.204568617869119299e-03 -1.359933692835678333e-04 9.999807422316041583e-01 7.678527355189997294e+00
-9.978394474323332153e-01 6.537709222380203022e-02 -6.501765936739367126e-03 1.207967877389999778e+00 -6.537858769487533972e-02 -9.978605313191178938e-01 1.750859994037047671e-05 -7.785077691080003470e-01 -6.486710950794277210e-03 4.425470461564812554e-04 9.999788631431929531e-01 7.680454730989997536e+00
-9.978079372641101008e-01 6.583462314007489102e-02 -6.717345364533579104e-03 1.212023554634875655e+00 -6.584038881068142446e-02 -9.978299618916303126e-01 6.405877037330598607e-04 -7.781097189142501813e-01 -6.660595619042028633e-03 1.081456125875156389e-03 9.999772332001602981e-01 7.681769910044578431e+00
-9.977841726129971223e-01 6.611818860748526483e-02 -7.424959142118947759e-03 1.214654299936661408e+00 -6.613053953430954313e-02 -9.978099550447155908e-01 1.430158929631208118e-03 -7.779298347465167796e-01 -7.314138629958521522e-03 1.918006498395694601e-03 9.999714119049475380e-01 7.682917902720845404e+00
-9.977396595135912261e-01 6.672883193003364966e-02 -7.926841928313660759e-03 1.216918585562565491e+00 -6.674678363630046074e-02 -9.977678983858608852e-01 2.021837004156034311e-03 -7.778829300334542118e-01 -7.774233590010194532e-03 2.546358167226927920e-03 9.999665381162372579e-01 7.684283775548576223e+00
-9.976957408955995366e-01 6.733771467542895572e-02 -8.297034474519897340e-03 1.218446762651682835e+00 -6.736264699027683100e-02 -9.977247320683753085e-01 2.762753979666585438e-03 -7.778149181816357283e-01 -8.092118958851243771e-03 3.315298083028960820e-03 9.999617624736342192e-01 7.685554813632609061e+00
-9.976457563801582884e-01 6.803867608448026238e-02 -8.583899657670786623e-03 1.222615060904571171e+00 -6.806590872105404422e-02 -9.976765507940884570e-01 2.920969973811558557e-03 -7.770717180407574753e-01 -8.365216472926888594e-03 3.498364229456670579e-03 9.999588914555833652e-01 7.687508709454530909e+00
-9.976101804864875300e-01 6.849151965100341855e-02 -9.101622141911409891e-03 1.227077122404603315e+00 -6.852285421185072556e-02 -9.976444904844951056e-01 3.176327532478384359e-03 -7.762425397651985248e-01 -8.862631684740839705e-03 3.792405810081507945e-03 9.999535346293809690e-01 7.689496649810951823e+00
-9.975755850272115532e-01 6.889928752140689339e-02 -9.789807794805675464e-03 1.230415474672190701e+00 -6.893520848884984731e-02 -9.976154131180220430e-01 3.380020703677030346e-03 -7.755468395526259329e-01 -9.533582129270143715e-03 4.046688572275396883e-03 9.999463661233954914e-01 7.691290671655867328e+00
-9.975382379954298440e-01 6.936926648515351346e-02 -1.026492105596050509e-02 1.232795332997661975e+00 -6.940954052146613984e-02 -9.975816807011492759e-01 3.620222930870494599e-03 -7.750177718805953964e-01 -9.988964990042476302e-03 4.323794257594545248e-03 9.999407609361895544e-01 7.692946797873819520e+00
-9.974987704951310263e-01 6.987444851160450054e-02 -1.066603515375402246e-02 1.234233549168014754e+00 -6.992118831716130634e-02 -9.975442014060853513e-01 4.073532301500980800e-03 -7.747317740116895779e-01 -1.035520569655920022e-02 4.809125314902527697e-03 9.999348188900551992e-01 7.694317219399778196e+00
-9.974507451583660700e-01 7.053236140673123378e-02 -1.082575528130294042e-02 1.235307375186655232e+00 -7.058476093856193290e-02 -9.974954693361941516e-01 4.536537998518712367e-03 -7.744775961701001465e-01 -1.047866910759516663e-02 5.289106555571874979e-03 9.999311090498071986e-01 7.695569662124950305e+00
-9.974114089476774359e-01 7.102376819136742292e-02 -1.122967732875131824e-02 1.238677920904792229e+00 -7.108414061273211904e-02 -9.974574318493473202e-01 5.071153897667924487e-03 -7.738962948825567345e-01 -1.084095264994241331e-02 5.856278716336038581e-03 9.999240859911506796e-01 7.697593010634895982e+00
-9.973915055269162444e-01 7.126897599678631845e-02 -1.144193004352409351e-02 1.242241651089430965e+00 -7.133746380626203309e-02 -9.974359910249974703e-01 5.692983898738135547e-03 -7.733130161711341266e-01 -1.100685969937188757e-02 6.494372052056604679e-03 9.999183327508340824e-01 7.699994409369873338e+00
-9.973557297268184074e-01 7.168049276253014856e-02 -1.197728426673269619e-02 1.244875531041862660e+00 -7.175952004517326122e-02 -9.974020440732852544e-01 6.303472163704356562e-03 -7.729067741111274037e-01 -1.149433181927677142e-02 7.146288250069389447e-03 9.999084012549726008e-01 7.702335821241554470e+00
-9.973117452602145994e-01 7.217409743704984726e-02 -1.265631957450361750e-02 1.246512470061785560e+00 -7.226372083707587046e-02 -9.973625661356299021e-01 6.772467949901815089e-03 -7.726620541982430757e-01 -1.213414260695402230e-02 7.668854575392195817e-03 9.998969703187902125e-01 7.704115588613108301e+00
-9.972706736124251625e-01 7.260094122389859628e-02 -1.342783996122208501e-02 1.247851906341327366e+00 -7.270137484179520215e-02 -9.973281357403779301e-01 7.148409384992504556e-03 -7.725274959674869324e-01 -1.287298134594156221e-02 8.105121468965298739e-03 9.998842899842165233e-01 7.705754325241833236e+00
-9.972363274851535619e-01 7.296658877429659795e-02 -1.398513734528151510e-02 1.248621447588638578e+00 -7.308002145858308318e-02 -9.972957460777608363e-01 7.778516491938452723e-03 -7.724519540815422136e-01 -1.337974616862112713e-02 8.779053356997806520e-03 9.998719471085375510e-01 7.707358310751733832e+00
-9.971890748137424154e-01 7.352424521303908833e-02 -1.442686514685047675e-02 1.251850515172429290e+00 -7.364732694384189260e-02 -9.972506900998376889e-01 8.193432090670752649e-03 -7.712645481896207578e-01 -1.378478531350307498e-02 9.232901020290010946e-03 9.998623571435271140e-01 7.709319984986636065e+00
-9.971496789480307488e-01 7.400333970343310475e-02 -1.469773746457086507e-02 1.255175794752621199e+00 -7.412924771448069217e-02 -9.972148127809437046e-01 8.214122202201312034e-03 -7.698823007316077938e-01 -1.404892903834048003e-02 9.280241538118506189e-03 9.998582423073133496e-01 7.711680331170416736e+00
-9.971141975771126154e-01 7.446005019016381510e-02 -1.479790241316297252e-02 1.257554535514685767e+00 -7.459127178769227318e-02 -9.971777756995671149e-01 8.522078617253356705e-03 -7.689064527820831385e-01 -1.412158501181190288e-02 9.601279942919633756e-03 9.998541874994634204e-01 7.714002465027457234e+00
-9.970672773975745029e-01 7.499624542632452040e-02 -1.524491767583111175e-02 1.258958288117570934e+00 -7.513927427228761502e-02 -9.971321112395697961e-01 9.035607160143233063e-03 -7.683043571623758838e-01 -1.452356033561695396e-02 1.015460028130076020e-02 9.998429628138135739e-01 7.715672345016265865e+00
-9.970135719402080099e-01 7.563151193688752438e-02 -1.561447306726150910e-02 1.259971727956523235e+00 -7.579016246184394623e-02 -9.970753242259120519e-01 9.831027097896667330e-03 -7.678131825401234289e-01 -1.482527035285010480e-02 1.098509089323876885e-02 9.998297550768491249e-01 7.717404283636575713e+00
-9.969826487086766997e-01 7.593985762246241444e-02 -1.608527892552720495e-02 1.260523972162701511e+00 -7.611546540040317610e-02 -9.970426536921633831e-01 1.060106812397181367e-02 -7.674912251058886303e-01 -1.523266558130582926e-02 1.179341946889033918e-02 9.998144233589146834e-01 7.719006020920414102e+00
-9.969320071502268954e-01 7.646292461305621846e-02 -1.673302958337264529e-02 1.263434358598303664e+00 -7.665477013193656985e-02 -9.969954602235714392e-01 1.113995105953757489e-02 -7.668855043308068220e-01 -1.583096129235068983e-02 1.238844030566441448e-02 9.997979331901787337e-01 7.721033969022096599e+00
-9.968835365676347315e-01 7.699779109619170336e-02 -1.716259557038549849e-02 1.266471011970149663e+00 -7.720079225571441217e-02 -9.969492830563151387e-01 1.149629020985991519e-02 -7.662890605674066435e-01 -1.622504839732132748e-02 1.278542841701120307e-02 9.997866175463133720e-01 7.723303398289063537e+00
-9.968507750845817528e-01 7.730856334153085596e-02 -1.766120741448759177e-02 1.268733664427148300e+00 -7.752689497399442575e-02 -9.969176741041728684e-01 1.203044531253074159e-02 -7.658473467425649384e-01 -1.667671337405173329e-02 1.336177730674585271e-02 9.997716489970321918e-01 7.725182712645011662e+00
-9.967993151909422256e-01 7.780338609708779829e-02 -1.837820303230587593e-02 1.270121821770918924e+00 -7.803821796845326897e-02 -9.968729366105115730e-01 1.242516759821001016e-02 -7.655790887013212975e-01 -1.735401311447440365e-02 1.381960076713199467e-02 9.997538981486694398e-01 7.726728229907917189e+00
-9.967578441219037133e-01 7.819311242674216456e-02 -1.896410689891351795e-02 1.271210751066274458e+00 -7.844491034042667954e-02 -9.968347587637479412e-01 1.291742087657254782e-02 -7.653467056660778756e-01 -1.789402758288300213e-02 1.436317824991926485e-02 9.997367167846862301e-01 7.728331568270134788e+00
-9.966941850599739805e-01 7.881847138621438098e-02 -1.970659879266513370e-02 1.271765672172811446e+00 -7.908918807625593683e-02 -9.967780620076833742e-01 1.335647519540814412e-02 -7.651553882427983844e-01 -1.859036839530574248e-02 1.487090005841748552e-02 9.997165871057555053e-01 7.729891223912330744e+00
-9.966489022635036665e-01 7.921434176679133243e-02 -2.039739383861364011e-02 1.274629428116757390e+00 -7.950056814302323971e-02 -9.967417000609100075e-01 1.362508805930519318e-02 -7.646899048442650226e-01 -1.925163062937925926e-02 1.520103345635687511e-02 9.996991063814996137e-01 7.731375907832171990e+00
-9.966109679481033323e-01 7.963411411862551803e-02 -2.061519910372292333e-02 1.277643915016120957e+00 -7.992629850251779799e-02 -9.967058148103103976e-01 1.375883465273894726e-02 -7.642590968774204407e-01 -1.945161621127742754e-02 1.535990207835706556e-02 9.996928068336354833e-01 7.733147671012324587e+00
-9.965441823325650317e-01 8.035284589442918957e-02 -2.105024502911264847e-02 1.279838964828716952e+00 -8.066746057175776252e-02 -9.966348967757469035e-01 1.454796665175628681e-02 -7.639818612454453151e-01 -1.981043825924799426e-02 1.619576134248767660e-02 9.996725683195042400e-01 7.734868491208402475e+00
-9.964809432621042351e-01 8.098600213128083480e-02 -2.161011740503708881e-02 1.281242397316040948e+00 -8.132464515294744734e-02 -9.965705362205845574e-01 1.527967367988721306e-02 -7.638420827856681194e-01 -2.029856660492297335e-02 1.698333877094932928e-02 9.996497058459913321e-01 7.735846748732034150e+00
-9.964367378381091545e-01 8.133130681080026625e-02 -2.233933792651526112e-02 1.282391859029186953e+00 -8.169498129965969968e-02 -9.965308794111982227e-01 1.587880380861420374e-02 -7.637852820691590772e-01 -2.097039620502727519e-02 1.764723526198032008e-02 9.996243382244215381e-01 7.737131098646450766e+00
-9.963869945954454410e-01 8.173667452867308669e-02 -2.306670843553142169e-02 1.282986755334242446e+00 -8.212752206518722509e-02 -9.964846186463666156e-01 1.653707714918093222e-02 -7.639644859580342340e-01 -2.163393446620929389e-02 1.837174020607574773e-02 9.995971448745301080e-01 7.738267081643417811e+00
-9.963381317425610284e-01 8.223721989884948125e-02 -2.339587354752540801e-02 1.286291420261974627e+00 -8.264680943566961313e-02 -9.964319596455366579e-01 1.711299760591146468e-02 -7.637769156620199951e-01 -2.190507077933408556e-02 1.898392636585209681e-02 9.995798009233122228e-01 7.740016874477975151e+00
-9.962933443002739420e-01 8.269537771225074496e-02 -2.368642243995923782e-02 1.289869525009939011e+00 -8.312724466240822840e-02 -9.963787611173267056e-01 1.786688526681276187e-02 -7.636578318300542012e-01 -2.212313942034770456e-02 1.976964590804582492e-02 9.995597669988817158e-01 7.742209350931994472e+00
-9.962436493625609346e-01 8.312113678596705357e-02 -2.427895640622023191e-02 1.292564983393061251e+00 -8.357661803626820207e-02 -9.963316779436545145e-01 1.838848671319810724e-02 -7.636122298138229292e-01 -2.266142145555557000e-02 2.034856617529332001e-02 9.995360903100114491e-01 7.744282092567261522e+00
-9.961880707389779710e-01 8.357747690354586090e-02 -2.498265541911829507e-02 1.294194152010333498e+00 -8.405448713909197123e-02 -9.962857919660558226e-01 1.869395405882059991e-02 -7.636659336786464358e-01 -2.332747112606432111e-02 2.072259831696622590e-02 9.995130829608266376e-01 7.745606522104777625e+00
-9.961349032039462648e-01 8.407669864205742638e-02 -2.542367723829857054e-02 1.295456021788637946e+00 -8.456906730221012969e-02 -9.962373517085766350e-01 1.895288675415729429e-02 -7.638216003802715814e-01 -2.373452073454986391e-02 2.102968868372317307e-02 9.994970858983867057e-01 7.746735718643110502e+00
-9.960674193172037727e-01 8.473792794356732605e-02 -2.586850870453450205e-02 1.296274409123747029e+00 -8.525255142956494891e-02 -9.961688632255923936e-01 1.948328551811679896e-02 -7.640113051188854865e-01 -2.411842966519934725e-02 2.161202229459032245e-02 9.994754733573121275e-01 7.747470419959315180e+00
-9.960224092979992339e-01 8.510599412122228646e-02 -2.638806436341129338e-02 1.299367932901372757e+00 -8.564619384867479257e-02 -9.961235762034805763e-01 2.006365895902187738e-02 -7.636154074063890018e-01 -2.457823540135215326e-02 2.224389121145838380e-02 9.994504087989203311e-01 7.748601366862018835e+00
-9.959657636047749563e-01 8.558071990048798927e-02 -2.698403432535461180e-02 1.302755893470421755e+00 -8.613811045208644157e-02 -9.960780623074600992e-01 2.021681769121354624e-02 -7.631860067424331984e-01 -2.514803481192623771e-02 2.245961199864831073e-02 9.994314094393713654e-01 7.750154361929620705e+00
-9.958758491294802395e-01 8.561028936192692507e-02 -3.003616946289438053e-02 1.305364633163289323e+00 -8.625977679382333674e-02 -9.960505622503245116e-01 2.103635777153695444e-02 -7.629653507622721209e-01 -2.811661480541967698e-02 2.354051393193163158e-02 9.993274239085527810e-01 7.751861707498056475e+00
-9.953516646512681199e-01 8.328652851300590021e-02 -4.835719020168626620e-02 1.306878714197798663e+00 -8.452675374579772527e-02 -9.961274959750190394e-01 2.419172717554177524e-02 -7.628779024681726639e-01 -4.615508181280884165e-02 2.816675222298145945e-02 9.985371012095957122e-01 7.754119282499673638e+00
-9.944474253460447999e-01 7.909547840613617709e-02 -6.941342462612756781e-02 1.306996696467943586e+00 -8.109859214853870624e-02 -9.963530427470251860e-01 2.652607321617177910e-02 -7.627713020368281915e-01 -6.706218438246419611e-02 3.200811622775035642e-02 9.972352500395296193e-01 7.757553451148806012e+00
-9.936627224398599800e-01 7.164426229321151085e-02 -8.661116391012925464e-02 1.304693063996827052e+00 -7.425344796521106405e-02 -9.968660780808853428e-01 2.728457140788665206e-02 -7.625609948539570082e-01 -8.438494829460675695e-02 3.354283905837256163e-02 9.958684945559934665e-01 7.760850347853239128e+00
-9.937069649562206841e-01 6.559604024073775741e-02 -9.079442329918721577e-02 1.303437594517795617e+00 -6.827409330341069338e-02 -9.973090507511830349e-01 2.670777926693647039e-02 -7.619056180465494377e-01 -8.879817555047878064e-02 3.273861320382618484e-02 9.955114601170579336e-01 7.763334457941377664e+00
-9.942966746162712477e-01 5.931647221367229023e-02 -8.863226822749054046e-02 1.298930231754609421e+00 -6.182586481611974244e-02 -9.977524497556325977e-01 2.583817807766819810e-02 -7.610309963508341546e-01 -8.690043317938106471e-02 3.117058117454741747e-02 9.957292350747151133e-01 7.765583480770502867e+00
-9.956234262794991796e-01 5.052764063456762628e-02 -7.861902171468812539e-02 1.291544326300466672e+00 -5.264717944999009608e-02 -9.982970975506821887e-01 2.512328636631962903e-02 -7.603645030413184180e-01 -7.721572080497049462e-02 2.915240219583203202e-02 9.965881144719623830e-01 7.767427222833256373e+00
-9.965066319979177800e-01 4.413826329729882147e-02 -7.089672839606117605e-02 1.282795336798828734e+00 -4.601926894495357578e-02 -9.986246522857439301e-01 2.512032509640253417e-02 -7.599998887882988274e-01 -6.969045321949465799e-02 2.829518616788452220e-02 9.971672994888001185e-01 7.768990590096773730e+00
-9.971882871394069925e-01 3.740501510179729261e-02 -6.493369569961354726e-02 1.270138620410220520e+00 -3.913582500704952671e-02 -9.989061582623502966e-01 2.559050969735041786e-02 -7.597084200120211017e-01 -6.390545511138537305e-02 2.805979028408632503e-02 9.975613970960484078e-01 7.771061579161028021e+00
-9.978773790405338628e-01 2.857791859726283371e-02 -5.851528832572842898e-02 1.256674888674528701e+00 -3.015560785309478672e-02 -9.992002400048752841e-01 2.625870692189611472e-02 -7.595355487440856868e-01 -5.771807095013899158e-02 2.796753372837666035e-02 9.979411011392138597e-01 7.773309075883537922e+00
-9.981327438827920506e-01 2.234971875145284545e-02 -5.684642170567694858e-02 1.246222909181177396e+00 -2.390841201034146421e-02 -9.993524853040460787e-01 2.688862123223033709e-02 -7.583647421286062729e-01 -5.620865969005543056e-02 2.819752096120410959e-02 9.980207845468401784e-01 7.775533947685315361e+00
-9.982350685161582859e-01 1.571829429946527273e-02 -5.726851847967369402e-02 1.232526994801257381e+00 -1.731772654779337173e-02 -9.994706761665117511e-01 2.754022204834254833e-02 -7.570400764051857800e-01 -5.680531957270536225e-02 2.848337598620567096e-02 9.979788840254445459e-01 7.778131070985415896e+00
-9.981698308358691873e-01 6.110874593581286200e-03 -6.016349408731153092e-02 1.218161501216108888e+00 -7.811892980797640988e-03 -9.995751881006443851e-01 2.807877599929005374e-02 -7.560205417783313342e-01 -5.996635004024350457e-02 2.849737786645054061e-02 9.977935339124962555e-01 7.780078411711857100e+00
-9.981545635810620265e-01 1.600615375718780417e-05 -6.072451684536565170e-02 1.204190210718121712e+00 -1.758332102148446423e-03 -9.995882740584469683e-01 2.863897053097451059e-02 -7.553137947459412915e-01 -6.069905658672637011e-02 2.869289299911241195e-02 9.977436255976898094e-01 7.781465843919446179e+00
-9.981669874324252678e-01 -6.862069119617103703e-03 -6.012966994316985836e-02 1.186026011236776867e+00 5.113831808907543484e-03 -9.995610843699178627e-01 2.918025595268966196e-02 -7.546981660629706878e-01 -6.030351502447559020e-02 2.881927515798883219e-02 9.977639678075477248e-01 7.783392317827075857e+00
-9.981929569116044787e-01 -1.586054468103070131e-02 -5.795915712368965994e-02 1.167763995402145927e+00 1.412941553671809292e-02 -9.994453090514011651e-01 3.015682065039007598e-02 -7.542406330107519485e-01 -5.840531130520807551e-02 2.928339696090725974e-02 9.978633685398876629e-01 7.785242991263462642e+00
-9.981446429778041418e-01 -2.247749755435194535e-02 -5.658651604760746995e-02 1.154047068664345144e+00 2.075223237145654848e-02 -9.993072063357156809e-01 3.089421009037915042e-02 -7.529403841246695706e-01 -5.724173779955590152e-02 2.966259377063166711e-02 9.979195929454864888e-01 7.785864542856039350e+00
-9.980561586559310028e-01 -2.936213093017716116e-02 -5.497062339292041466e-02 1.136818036425135459e+00 2.766064129792067741e-02 -9.991221328595728535e-01 3.146192227321658458e-02 -7.514622324214818017e-01 -5.584615557005621900e-02 2.988024259234335969e-02 9.979921733213481527e-01 7.786305769142872535e+00
-9.979014740570129050e-01 -3.735875650944664450e-02 -5.288640077476414181e-02 1.119561338153214347e+00 3.569208816704673437e-02 -9.988466643605677930e-01 3.211566499456507129e-02 -7.503262405005263203e-01 -5.402520631258021788e-02 3.016064335910704011e-02 9.980839707534872041e-01 7.786790260350747950e+00
-9.977034486870758334e-01 -4.368754092032581249e-02 -5.176125236362193877e-02 1.103448750285396684e+00 4.202105998408044163e-02 -9.985762688395575237e-01 3.285826879618219953e-02 -7.495662892476772088e-01 -5.312305521833259742e-02 3.060774540541502664e-02 9.981187839758690616e-01 7.787726884357673462e+00
-9.973527573264434620e-01 -5.011529930754226453e-02 -5.268713532405831790e-02 1.083353048005356589e+00 4.836386717034327903e-02 -9.982506594594381388e-01 3.400819373512759675e-02 -7.487977580786741028e-01 -5.429929839021468974e-02 3.137001217902273681e-02 9.980318173937232640e-01 7.788919412746855286e+00
-9.967682083981458385e-01 -5.889982784179027125e-02 -5.462553438602076039e-02 1.063751963221353014e+00 5.704580086100691921e-02 -9.977613149565313089e-01 3.490179050335492222e-02 -7.480944202743345928e-01 -5.655895447121711550e-02 3.167283783340547193e-02 9.978967461680100515e-01 7.789581340710861390e+00
-9.962960672971263865e-01 -6.522670891119315695e-02 -5.603233649326515992e-02 1.045802105476692612e+00 6.329494056709782102e-02 -9.973601744797611079e-01 3.558697599274592699e-02 -7.464384407561696078e-01 -5.820564222554008155e-02 3.190860082039317230e-02 9.977945401768829603e-01 7.789055453651466898e+00
-9.957844061261342805e-01 -7.173153952942137868e-02 -5.716644778855061587e-02 1.030335150606825900e+00 6.974592840824525575e-02 -9.969147842205643428e-01 3.600581165502911990e-02 -7.449818883176215767e-01 -5.957282926380071814e-02 3.186689880117867663e-02 9.977151791840703776e-01 7.788783316731451301e+00
-9.951024533924863746e-01 -8.060031943858969594e-02 -5.722495748055781567e-02 1.011857557828973242e+00 7.859543950552350111e-02 -9.962394619806305140e-01 3.646493221544713781e-02 -7.433928799713052094e-01 -5.994884603716694321e-02 3.178872282651282188e-02 9.976951503138977717e-01 7.788408115916882757e+00
-9.945719736095014474e-01 -8.709368635360301147e-02 -5.693223259140118425e-02 9.945758006881293412e-01 8.508335142562123421e-02 -9.956927670156651144e-01 3.683391131650964878e-02 -7.421139301641342945e-01 -5.989501332068820211e-02 3.178999072079895238e-02 9.976983431224520915e-01 7.787821882179607691e+00
-9.941115243737199680e-01 -9.329849827598565848e-02 -5.511503721131602584e-02 9.729647615216338030e-01 9.133707519466313651e-02 -9.951286955380818089e-01 3.710010797235038099e-02 -7.406726049309693138e-01 -5.830793944432696718e-02 3.184759859269620935e-02 9.977905164219769141e-01 7.787206879143804272e+00
-9.934496370943658450e-01 -1.015670481064402664e-01 -5.236366389030616686e-02 9.519964730731216296e-01 9.968081516408189291e-02 -9.943139875862000432e-01 3.746237016866730413e-02 -7.393122432917019760e-01 -5.587086580049614726e-02 3.199732534719360727e-02 9.979251562744215764e-01 7.786684402340780409e+00
-9.928001046326783152e-01 -1.077775443888684820e-01 -5.226808937438598424e-02 9.354828936189696353e-01 1.058445607506170588e-01 -9.936391859289238626e-01 3.844602900189467848e-02 -7.372400860762087227e-01 -5.607924037335254575e-02 3.263692865468614118e-02 9.978927546019846773e-01 7.786125333118612879e+00
-9.919856615353005447e-01 -1.142976053748870069e-01 -5.385633401874471288e-02 9.151831348931028787e-01 1.122653206753509991e-01 -9.928980619433448451e-01 3.936923116864691347e-02 -7.348133624262253027e-01 -5.797365851861176894e-02 3.300751421595319451e-02 9.977722981338232877e-01 7.785606745636523662e+00
-9.908134409211558635e-01 -1.229998616686659163e-01 -5.621173649219812773e-02 8.953225760841003744e-01 1.208380800217463968e-01 -9.918508248187370979e-01 4.037449347111524145e-02 -7.327145142430306901e-01 -6.071971431616983439e-02 3.321107248915887433e-02 9.976021957461215228e-01 7.785109924408675219e+00
-9.898998127841387440e-01 -1.295385434556204085e-01 -5.760318054867620552e-02 8.771105111593935355e-01 1.272766010130643444e-01 -9.910047251747358121e-01 4.135579180607425881e-02 -7.309903123589938101e-01 -6.244219314284429889e-02 3.360655353859535316e-02 9.974826174298825343e-01 7.784933062067279863e+00
-9.889612968995057374e-01 -1.361671087225187760e-01 -5.843005850585366451e-02 8.545083481672622883e-01 1.338352953333628304e-01 -9.901073201782782940e-01 4.213796687572674698e-02 -7.290461700311694493e-01 -6.358983376200376403e-02 3.385281423365054526e-02 9.974017846437727153e-01 7.784742166992000278e+00
-9.877244356005177028e-01 -1.448790527947328710e-01 -5.839948098176801078e-02 8.325579543312333630e-01 1.424958709622463904e-01 -9.888559426188885393e-01 4.311440021640521036e-02 -7.272791001815126499e-01 -6.399504727984586805e-02 3.426346171376350169e-02 9.973618446256303782e-01 7.784646167181412224e+00
-9.866777005754007179e-01 -1.515973199972569518e-01 -5.903700328513784845e-02 8.168004375395766514e-01 1.491318188325184146e-01 -9.878304937460905544e-01 4.416578129117751383e-02 -7.241639041148902889e-01 -6.501396618377477954e-02 3.477309585016111204e-02 9.972783041889814459e-01 7.783269663460632870e+00
-9.857526613132420179e-01 -1.580563075927979289e-01 -5.753168121993275375e-02 7.974213301106581886e-01 1.556214953440420712e-01 -9.868085367894600113e-01 4.461907558801922469e-02 -7.204448259005152844e-01 -6.382508049932575367e-02 3.503020624512398484e-02 9.973461002829855371e-01 7.781354811394617599e+00
-9.844957155115046099e-01 -1.665363695717692882e-01 -5.508015749202250372e-02 7.783641226308005701e-01 1.641700429341061140e-01 -9.854032885538861475e-01 4.503949278356514374e-02 -7.171070077810947074e-01 -6.177688194223377588e-02 3.529867585394855234e-02 9.974655985749351084e-01 7.779474725909261146e+00
-9.833958734981350647e-01 -1.726762562221608732e-01 -5.581636430240483060e-02 7.607599875865688199e-01 1.702500163056719917e-01 -9.843418630593238072e-01 4.567306182880694065e-02 -7.143274915414381532e-01 -6.282903735342876272e-02 3.541196359986617526e-02 9.973958616814304623e-01 7.777918456040824324e+00
-9.820892931994756880e-01 -1.794251343003378518e-01 -5.750861991267292722e-02 7.389117646835335895e-01 1.768932604718864710e-01 -9.831314961073239767e-01 4.648909292942011995e-02 -7.111772843370509634e-01 -6.487984727617567005e-02 3.548355313494777619e-02 9.972620131511776842e-01 7.776442424882205273e+00
-9.804351036893931282e-01 -1.877392085819664935e-01 -5.916922354219335961e-02 7.177525952433553291e-01 1.851169420082085793e-01 -9.815868741650283225e-01 4.710548002577460286e-02 -7.082159798615890178e-01 -6.692327872346592876e-02 3.523064047027801154e-02 9.971359369398714589e-01 7.775477876592648663e+00
-9.791058368442772109e-01 -1.942474560407375650e-01 -6.016382699903455311e-02 7.020761013705066889e-01 1.915448362351230283e-01 -9.803149873988327156e-01 4.788633618149043536e-02 -7.042427116492463446e-01 -6.828130028879014768e-02 3.536172087057623536e-02 9.970392232645333142e-01 7.773901984641828022e+00
-9.777770536487352393e-01 -2.006176907449592761e-01 -6.086522421020387069e-02 6.827118703794545773e-01 1.978550277819857706e-01 -9.790301457205864422e-01 4.851146000397527080e-02 -6.994765013065620263e-01 -6.932114640849601495e-02 3.539090180381872230e-02 9.969664300918684718e-01 7.772121219301836526e+00
-9.757369362405468038e-01 -2.097121612061383089e-01 -6.291455076658905576e-02 6.634887808553500133e-01 2.068339819607135921e-01 -9.771335289170859362e-01 4.929270303318200597e-02 -6.950789251956790427e-01 -7.181319629557128548e-02 3.508384397828903656e-02 9.968008771713239291e-01 7.770406597352292444e+00
-9.742884166285448178e-01 -2.162928096964580049e-01 -6.308329174238665182e-02 6.456437927574321112e-01 2.133785701690621150e-01 -9.756974685580110940e-01 4.984010074323393102e-02 -6.913724124543022542e-01 -7.233026348666173055e-02 3.509801024418428284e-02 9.967629922207431603e-01 7.768779379732638546e+00
-9.728676573145513817e-01 -2.227346334349269708e-01 -6.259236710578623686e-02 6.233797699164540518e-01 2.198150669916641153e-01 -9.742449804113177958e-01 5.027976200024732861e-02 -6.870823495343023612e-01 -7.217934382319517173e-02 3.515680889898858269e-02 9.967718601130818312e-01 7.766845608174866022e+00
-9.707686525622558626e-01 -2.314922827847256115e-01 -6.339989127418821369e-02 6.017455458049019157e-01 2.284853054755914270e-01 -9.721970472742140768e-01 5.125784284405152103e-02 -6.830959200999265901e-01 -7.350298214486217230e-02 3.527356350606558610e-02 9.966710025547024232e-01 7.764813430240576686e+00
-9.691745179170515589e-01 -2.382557362206434159e-01 -6.272924340536975563e-02 5.851654623875409689e-01 2.352234724140840616e-01 -9.705461493539132567e-01 5.205852475582095629e-02 -6.785980097548123258e-01 -7.328486778122467182e-02 3.569840517797631674e-02 9.966719380127232464e-01 7.761792365612643074e+00
-9.676168005315265441e-01 -2.446956119357444059e-01 -6.198213313950931558e-02 5.647099119448958371e-01 2.416366759662391117e-01 -9.689231812932682653e-01 5.291111018037064628e-02 -6.732419768238088187e-01 -7.300304210866165322e-02 3.622052252417341800e-02 9.966737829354983536e-01 7.758259065199022864e+00
-9.654190315125363853e-01 -2.535004736935188019e-01 -6.085723811148300438e-02 5.446968064361558115e-01 2.504515115941454706e-01 -9.666500290451389699e-01 5.349543613467807462e-02 -6.683477506545918434e-01 -7.238876938865426713e-02 3.640372486701589499e-02 9.967119116786971045e-01 7.755020395312140380e+00
-9.638554308942290927e-01 -2.597111431571685336e-01 -5.943761818660329294e-02 5.263728562059727389e-01 2.567157884493599940e-01 -9.650007367420825322e-01 5.357781302051307926e-02 -6.642149287230872945e-01 -7.127210040768527932e-02 3.638269103893120027e-02 9.967931518104657940e-01 7.752457772263284141e+00
-9.621247270541850583e-01 -2.660644106596591341e-01 -5.937793336954562406e-02 5.038361771730688332e-01 2.630194184002692115e-01 -9.632553365313720750e-01 5.440535073149811024e-02 -6.593413415777106268e-01 -7.167143876952715431e-02 3.672718372216200039e-02 9.967518842924475431e-01 7.749824774645232672e+00
-9.596847225834810313e-01 -2.744601767189630004e-01 -6.063699065144209643e-02 4.821300073351658111e-01 2.713118114693409688e-01 -9.608999150199351025e-01 5.532860265637188496e-02 -6.547419546868391560e-01 -7.345157722671641354e-02 3.664648291551964726e-02 9.966252560982139519e-01 7.747348444288594038e+00
-9.578174884664497624e-01 -2.806410802708311225e-01 -6.185663143304456074e-02 4.648217376599492190e-01 2.773752260352727594e-01 -9.591043143046008579e-01 5.640831733160253658e-02 -6.492690994282985795e-01 -7.515745318798340568e-02 3.687137570965275113e-02 9.964897685794740223e-01 7.743815158094889739e+00
-9.560411716287112727e-01 -2.867535146443254690e-01 -6.130008148386159594e-02 4.436320793311313015e-01 2.834850683023116269e-01 -9.572916032523760554e-01 5.682431162917452039e-02 -6.426493445566298091e-01 -7.497662436009736031e-02 3.694872368056123513e-02 9.965005256486033636e-01 7.739940542350469244e+00
-9.535166930901320947e-01 -2.950240086756978908e-01 -6.137385683970443540e-02 4.231044573439938228e-01 2.917178960883695105e-01 -9.547786978758247001e-01 5.743089050606568075e-02 -6.365005497792084466e-01 -7.554194265594486868e-02 3.685746040445784383e-02 9.964612097378902078e-01 7.736738222842425294e+00
-9.513662608592483583e-01 -3.014240407326663762e-01 -6.360648840396949943e-02 4.044970957592521899e-01 2.979503137634369470e-01 -9.527780986701777088e-01 5.864729510139796154e-02 -6.313168696023496729e-01 -7.828057375212525704e-02 3.684348467277277772e-02 9.962503246725720185e-01 7.733787552983331537e+00
-9.491881606822361039e-01 -3.078436864223209612e-01 -6.537660400012811068e-02 3.815461041767759798e-01 3.042513855934707578e-01 -9.507354051945091644e-01 5.944143061944326401e-02 -6.250486910886851044e-01 -8.045452122240880077e-02 3.653017984555546882e-02 9.960886586922493846e-01 7.730469029837737871e+00
-9.467311584573470107e-01 -3.159025390011410694e-01 -6.249559551394005819e-02 3.594459969060883608e-01 3.124878402634548857e-01 -9.481073066115608405e-01 5.868462181230447300e-02 -6.190687938102138466e-01 -7.779115176863597714e-02 3.602944632386472640e-02 9.963184308764465591e-01 7.727547258064183744e+00
-9.447903229687472093e-01 -3.218319803522592393e-01 -6.160699673863179876e-02 3.429744736075203138e-01 3.184315161953591433e-01 -9.461064941015789875e-01 5.902432813970869691e-02 -6.123165859243673292e-01 -7.728269611067835332e-02 3.614800466640361726e-02 9.963537055887846661e-01 7.723754388659476611e+00
-9.425790696937287327e-01 -3.282761329868828515e-01 -6.147745836063481240e-02 3.229355478556804049e-01 3.248178565815716956e-01 -9.438750881305842944e-01 5.994312347747210445e-02 -6.042318230866151607e-01 -7.770493820252827311e-02 3.653215730914773085e-02 9.963068523608985538e-01 7.719145946731686969e+00
-9.398901452864747430e-01 -3.359455355397265586e-01 -6.121365815155681983e-02 3.033723366421506307e-01 3.324775456356609538e-01 -9.411798091990013493e-01 6.032618340503975024e-02 -5.967932516183116487e-01 -7.787937109052897600e-02 3.634781846353134921e-02 9.962999747322518473e-01 7.715097441929143152e+00
-9.376095519226537167e-01 -3.419880956226655222e-01 -6.270941393270471065e-02 2.854683279346151292e-01 3.383888941907992054e-01 -9.390009339734308735e-01 6.140197297605912152e-02 -5.904721643938887210e-01 -7.988294205729301600e-02 3.635090713320864031e-02 9.961412184619530263e-01 7.712060091034532938e+00
-9.352283994046625137e-01 -3.481100757929875278e-01 -6.455397802144891006e-02 2.633854787152547505e-01 3.443456182041385039e-01 -9.367456255804128551e-01 6.271944020454055246e-02 -5.831101795200067661e-01 -8.230392560870272711e-02 3.642812220471670220e-02 9.959412913129145339e-01 7.708744329348922619e+00
-9.318533406419469145e-01 -3.566176576614500382e-01 -6.688196900887911911e-02 2.421100566984396574e-01 3.526450633240437726e-01 -9.335417789131137400e-01 6.435220537728744694e-02 -5.762186861079684475e-01 -8.538624507275756337e-02 3.638122136212904728e-02 9.956834817775048752e-01 7.705412007225806548e+00
-9.290396586971875204e-01 -3.635265885733609537e-01 -6.880212182794834264e-02 2.258918989146908030e-01 3.593700175588347978e-01 -9.308719329655775754e-01 6.580755957101072640e-02 -5.688616478091279571e-01 -8.796876177130319441e-02 3.641241295415175577e-02 9.954574994118432496e-01 7.701472879724772902e+00
-9.266962937768041808e-01 -3.693351126830531350e-01 -6.946620501892677990e-02 2.059297862505380938e-01 3.650773574868502735e-01 -9.285774685238363801e-01 6.680125747530728242e-02 -5.601255076331393967e-01 -8.917680276144510088e-02 3.654393915904773082e-02 9.953451855311233887e-01 7.696999925272529630e+00
-9.235593406017355012e-01 -3.775622681810472669e-01 -6.696923198955351264e-02 1.862335924263372466e-01 3.734173610416179900e-01 -9.252591900707809458e-01 6.674507968589474260e-02 -5.520505291707714646e-01 -8.716432102644766644e-02 3.663556790259226564e-02 9.955200732805205011e-01 7.693277690287544601e+00
-9.211094073169558971e-01 -3.837104222561979472e-01 -6.575539220608975222e-02 1.681656096667124567e-01 3.795719689960532217e-01 -9.227101748097288336e-01 6.731310165977347215e-02 -5.451455124296382682e-01 -8.650190809840940798e-02 3.704382748272671416e-02 9.955627427444061484e-01 7.690065807440178425e+00
-9.186102849993379449e-01 -3.897441644848285702e-01 -6.522752903075698661e-02 1.458448454093273228e-01 3.855672299344476417e-01 -9.201630219595809956e-01 6.810230700122049674e-02 -5.370142033109046587e-01 -8.656243696957763301e-02 3.740988195964582014e-02 9.955437937316737873e-01 7.686070281848898844e+00
-9.153394552415218266e-01 -3.976166020791882527e-01 -6.367667884834002368e-02 1.244219434616963688e-01 3.935272004126905143e-01 -9.168011534375154481e-01 6.791161602400098973e-02 -5.293728183383286101e-01 -8.538163862039821472e-02 3.710367645721523305e-02 9.956572166061240514e-01 7.682330742711904747e+00
-9.127943377505430833e-01 -4.034892415640831120e-01 -6.326870405333741287e-02 1.084250047589971067e-01 3.993704628816927005e-01 -9.142239810522826415e-01 6.854010392885467873e-02 -5.212242801850914820e-01 -8.549696104663782881e-02 3.729536715138609404e-02 9.956401585115143282e-01 7.676897098878730397e+00
-9.100528813378057080e-01 -4.094329422638993687e-01 -6.456329419944545345e-02 8.903109693900190802e-02 4.051904141043441987e-01 -9.115853510416729311e-01 6.951889012477255325e-02 -5.115326802943060969e-01 -8.731827693391464029e-02 3.710543835284169784e-02 9.954891787246789026e-01 7.670465812169265263e+00
-9.062180485315992629e-01 -4.175570651956397317e-01 -6.644505866341457456e-02 7.006285021269870184e-02 4.131685125806123793e-01 -9.079184682749857904e-01 7.053960006356799206e-02 -5.025660052347088458e-01 -8.978100426874655038e-02 3.647125265751152701e-02 9.952935340903644734e-01 7.664835650217050045e+00
-9.033907384147917830e-01 -4.234778853938388488e-01 -6.746594940220058956e-02 5.264595336412578042e-02 4.189395761234046556e-01 -9.051633183293551488e-01 7.189574889054983764e-02 -4.948997549431226606e-01 -9.151396234411272868e-02 3.668579743379727504e-02 9.951278043360698433e-01 7.660420901057598542e+00
-9.005923391828024593e-01 -4.293402403983334614e-01 -6.782622339441739256e-02 3.090998298863811486e-02 4.247195672991309068e-01 -9.023957242212149454e-01 7.276844137748193775e-02 -4.857673833347996850e-01 -9.244851409561531674e-02 3.672757658722193563e-02 9.950398772710281614e-01 7.655649226670174556e+00
-8.970788140312586645e-01 -4.369267682511933093e-01 -6.591358434980361392e-02 9.796607983747349785e-03 4.323855350692636379e-01 -8.987424527891485493e-01 7.283373268899474839e-02 -4.772517118756071652e-01 -9.106234391414068374e-02 3.683751810469025612e-02 9.951636281440101595e-01 7.651392471148287910e+00
-8.942527104095698842e-01 -4.427416456668650246e-01 -6.551278590728701334e-02 -8.511584117853937537e-03 4.381407601740989755e-01 -8.958747314000694573e-01 7.376408281078167262e-02 -4.666932695218359295e-01 -9.134968089271341962e-02 3.725990916587573754e-02 9.951215679351694821e-01 7.644627048423441096e+00
-8.912543302955123758e-01 -4.486838100797532758e-01 -6.594359181765775679e-02 -2.386912461722207751e-02 4.439859708257830051e-01 -8.929097721709499114e-01 7.475691587745911248e-02 -4.578254952080549334e-01 -9.242389539174884761e-02 3.734939536242083691e-02 9.950190180226089476e-01 7.638716125342720709e+00
-8.872621588545689386e-01 -4.563975810587516113e-01 -6.683643817896224582e-02 -4.208375123046718264e-02 4.516109865585301586e-01 -8.890142085215643197e-01 7.550664782923439955e-02 -4.479264938978840260e-01 -9.387959461118818016e-02 3.681012157677880647e-02 9.949028277500983064e-01 7.632178184700411983e+00
-8.841413445306538499e-01 -4.621644106201913682e-01 -6.854298248266277316e-02 -5.898492645336761431e-02 4.572004808939393317e-01 -8.860391650788113083e-01 7.682654630265231543e-02 -4.393450402154576717e-01 -9.623826246290026476e-02 3.658764139069528576e-02 9.946856495072138316e-01 7.627091877676099863e+00
-8.808777099718968495e-01 -4.681821059932889106e-01 -6.971352596415933411e-02 -8.007324498435761106e-02 4.631171845799229025e-01 -8.828969386288473276e-01 7.755945530091772067e-02 -4.290996849646327993e-01 -9.786180777725494995e-02 3.603486350047928333e-02 9.945474122388884286e-01 7.621799532335032268e+00
-8.768588630078418822e-01 -4.759588638144799932e-01 -6.768821404811897757e-02 -1.005225847973256204e-01 4.710361306936666215e-01 -8.787443013746706333e-01 7.702867247123611205e-02 -4.194189414155615192e-01 -9.614311179556073172e-02 3.565967972334090075e-02 9.947285505585405918e-01 7.617160711992600142e+00
