-9.978506618337332768e-01 6.525956945961884637e-02 -5.936772854459712936e-03 1.187829999999999941e+00 -6.526057745192830051e-02 -9.978682560616822794e-01 -2.398035958390301549e-05 -7.809979999999999700e-01 -5.925682122855982156e-03 3.635084070011650463e-04 9.999823769212218272e-01 7.672030000000000349e+00
-9.978617498485439219e-01 6.507676356933665696e-02 -6.078078030306631116e-03 1.191699999999999982e+00 -6.507644384578266383e-02 -9.978802501659883584e-01 -2.505694533296934107e-04 -7.804699999999999971e-01 -6.081500274482813315e-03 1.455060304713738499e-04 9.999814969200212511e-01 7.673770000000000202e+00
-9.978647208641632238e-01 6.502350850933986959e-02 -6.159723680577809148e-03 1.195189999999999975e+00 -6.502221835053621779e-02 -9.978837323417261151e-01 -4.096932035336964977e-04 -7.800599999999999756e-01 -6.173327746074891258e-03 -8.299496046598026609e-06 9.999809447962784148e-01 7.675370000000000026e+00
-9.978655821389168512e-01 6.499090057367354345e-02 -6.361039630685341381e-03 1.197719999999999896e+00 -6.498931675952013265e-02 -9.978858557688776720e-01 -4.555914236489598621e-04 -7.798079999999999457e-01 -6.377200772362775702e-03 -4.121938169849670257e-05 9.999796645988714427e-01 7.676890000000000214e+00
-9.978728982917867141e-01 6.489571188717717376e-02 -6.182672027966053252e-03 1.202679999999999971e+00 -6.489362133113939224e-02 -9.978920422993077244e-01 -5.383551308982402906e-04 -7.791289999999999605e-01 -6.204576156321604807e-03 -1.359940173822246330e-04 9.999807421847419775e-01 7.678530000000000300e+00
-9.978394475770810956e-01 6.537709110937352242e-02 -6.501754927847290533e-03 1.207969999999999988e+00 -6.537858657636012871e-02 -9.978605313923991638e-01 1.750872465148436258e-05 -7.785079999999999778e-01 -6.486699957798099797e-03 4.425464435825566872e-04 9.999788632147692535e-01 7.680450000000000443e+00
-9.978079398286316959e-01 6.583458442911667430e-02 -6.717343819359443760e-03 1.212020000000000097e+00 -6.584035009534287830e-02 -9.978299644463848317e-01 6.405874252733890660e-04 -7.781099999999999683e-01 -6.660594137512184515e-03 1.081455487869581369e-03 9.999772332107184081e-01 7.681770000000000209e+00
-9.977841777956378833e-01 6.611811047956152321e-02 -7.424958403571386978e-03 1.214650000000000007e+00 -6.613046140367674630e-02 -9.978099602227311626e-01 1.430159028936025742e-03 -7.779300000000000104e-01 -7.314138036644466517e-03 1.918005975935223664e-03 9.999714119102889320e-01 7.682920000000000194e+00
-9.977396588069084027e-01 6.672884270501903969e-02 -7.926840172664297024e-03 1.216920000000000002e+00 -6.674679447996446913e-02 -9.977678976414755541e-01 2.021846373830386238e-03 -7.778829999999999911e-01 -7.774231185366205395e-03 2.546367483065864554e-03 9.999665381112097240e-01 7.684280000000000221e+00
-9.976957486919783014e-01 6.733759846173062447e-02 -8.297040156578132722e-03 1.218450000000000033e+00 -6.736253077077600238e-02 -9.977247399223513336e-01 2.762751351960905655e-03 -7.778150000000000341e-01 -8.092125191159276268e-03 3.315294901398269274e-03 9.999617624337480137e-01 7.685550000000000104e+00
-9.976457611707497675e-01 6.803860603967934462e-02 -8.583898077968920778e-03 1.222620000000000040e+00 -6.806583865413756707e-02 -9.976765555794101514e-01 2.920968249276339069e-03 -7.770719999999999850e-01 -8.365215259905826525e-03 3.498361814003478950e-03 9.999588914741815993e-01 7.687509999999999621e+00
-9.976101851105015905e-01 6.849145139220341738e-02 -9.101628974008029241e-03 1.227079999999999949e+00 -6.852278601161110316e-02 -9.976444951562305485e-01 3.176331480980766186e-03 -7.762430000000000163e-01 -8.862638489638441711e-03 3.792409611256566688e-03 9.999535345546526344e-01 7.689499999999999780e+00
-9.975755833875847856e-01 6.889931024955643635e-02 -9.789814914265677903e-03 1.230420000000000069e+00 -6.893523130209765204e-02 -9.976154115219473262e-01 3.380026512083169222e-03 -7.755469999999999864e-01 -9.533588739111104743e-03 4.046695075176499901e-03 9.999463660340601745e-01 7.691290000000000404e+00
-9.975382419833123127e-01 6.936920876950553039e-02 -1.026492355233101644e-02 1.232799999999999896e+00 -6.940948279943259802e-02 -9.975816847226479656e-01 3.620221462643695778e-03 -7.750179999999999847e-01 -9.988967832449589801e-03 4.323792388178858762e-03 9.999407609158784682e-01 7.692949999999999733e+00
-9.974987662199540361e-01 6.987451023605575906e-02 -1.066603060846916043e-02 1.234229999999999938e+00 -6.992125002619709040e-02 -9.975441970792587876e-01 4.073532652467427677e-03 -7.747319999999999762e-01 -1.035520084032642493e-02 4.809125987954799598e-03 9.999348189371086715e-01 7.694320000000000270e+00
-9.974507418019348259e-01 7.053240800340575267e-02 -1.082576094376149108e-02 1.235309999999999908e+00 -7.058480767904525000e-02 -9.974954659802383050e-01 4.536548663896698523e-03 -7.744779999999999998e-01 -1.047867375589876283e-02 5.289118084219062051e-03 9.999311089401153874e-01 7.695570000000000022e+00
-9.974114128697226800e-01 7.102371402716908810e-02 -1.122967154509604479e-02 1.238680000000000003e+00 -7.108408645507416357e-02 -9.974574356887857540e-01 5.071157855920418490e-03 -7.738960000000000283e-01 -1.084094691765330118e-02 5.856281664932670196e-03 9.999240860360300021e-01 7.697589999999999932e+00
-9.973915122331605820e-01 7.126888122237542977e-02 -1.144193578727334924e-02 1.242240000000000011e+00 -7.133736902463747032e-02 -9.974359978247472336e-01 5.692980238292789409e-03 -7.733130000000000281e-01 -1.100686630662145969e-02 6.494367764597269201e-03 9.999183327059498749e-01 7.699989999999999668e+00
-9.973557346329883222e-01 7.168042456162367071e-02 -1.197728388900064223e-02 1.244879999999999987e+00 -7.175945175091454076e-02 -9.974020490349088108e-01 6.303464553223722851e-03 -7.729070000000000107e-01 -1.149433247737781730e-02 7.146279845553194475e-03 9.999084013074741595e-01 7.702340000000000408e+00
-9.973117417345608304e-01 7.217414418083040184e-02 -1.265633083249053173e-02 1.246510000000000007e+00 -7.226376760247668618e-02 -9.973625627848022868e-01 6.772462419730606968e-03 -7.726619999999999600e-01 -1.213415387540417445e-02 7.668850441632545263e-03 9.998969702137474602e-01 7.704119999999999635e+00
-9.972706664555056610e-01 7.260104065036432353e-02 -1.342783392345373375e-02 1.247849999999999904e+00 -7.270147435778392953e-02 -9.973281284121412460e-01 7.148419695282158710e-03 -7.725269999999999637e-01 -1.287297376662412812e-02 8.105132597284254309e-03 9.998842899915890703e-01 7.705750000000000099e+00
-9.972363288987761143e-01 7.296656929677010350e-02 -1.398513816705356655e-02 1.248620000000000063e+00 -7.308000199042068157e-02 -9.972957475024236684e-01 7.778516739212824709e-03 -7.724520000000000275e-01 -1.337974714155850189e-02 8.779053402374859330e-03 9.998719470951199506e-01 7.707360000000000433e+00
-9.971890814554845717e-01 7.352415709270003485e-02 -1.442685515887652016e-02 1.251849999999999907e+00 -7.364723869451354765e-02 -9.972506966357367331e-01 8.193429819775981809e-03 -7.712649999999999784e-01 -1.378477633625525660e-02 9.232896801449338303e-03 9.998623573062511705e-01 7.709319999999999951e+00
-9.971496843070737359e-01 7.400326967170611780e-02 -1.469772649764761012e-02 1.255179999999999962e+00 -7.412917745943412018e-02 -9.972148180719990762e-01 8.214113879013865485e-03 -7.698819999999999553e-01 -1.404891937092089642e-02 9.280231437115376777e-03 9.998582425369021420e-01 7.711680000000000312e+00
-9.971142014958660482e-01 7.445999692783111801e-02 -1.479790636436585476e-02 1.257549999999999946e+00 -7.459121860229003809e-02 -9.971777796523149107e-01 8.522081618038012188e-03 -7.689059999999999784e-01 -1.412158924082336682e-02 9.601282476133203223e-03 9.998541874154085463e-01 7.714000000000000412e+00
-9.970672716719239936e-01 7.499632055558173860e-02 -1.524492255902833507e-02 1.258960000000000079e+00 -7.513934948734181385e-02 -9.971321055521733534e-01 9.035609315873643216e-03 -7.683039999999999869e-01 -1.452356427759548749e-02 1.015460389254184068e-02 9.998429627198766045e-01 7.715670000000000250e+00
-9.970135788195991777e-01 7.563142169485936872e-02 -1.561447090838677040e-02 1.259970000000000034e+00 -7.579007213278787791e-02 -9.970753311304226818e-01 9.831023205366169748e-03 -7.678129999999999677e-01 -1.482526948966909550e-02 1.098508550590260660e-02 9.998297551488385393e-01 7.717399999999999594e+00
-9.969826563248668228e-01 7.593975971005853531e-02 -1.608526911777718657e-02 1.260520000000000085e+00 -7.611536738810659175e-02 -9.970426611593971034e-01 1.060106954799152831e-02 -7.674910000000000343e-01 -1.523265685250953586e-02 1.179341864627742389e-02 9.998144235016054315e-01 7.719009999999999927e+00
-9.969320022444183582e-01 7.646298729053112309e-02 -1.673303545514135196e-02 1.263430000000000053e+00 -7.665483304571064915e-02 -9.969954552738082842e-01 1.113996113575270452e-02 -7.668859999999999566e-01 -1.583096559497135583e-02 1.238845179915276651e-02 9.997979329796350401e-01 7.721029999999999838e+00
-9.968835401740717694e-01 7.699774230074589443e-02 -1.716260500616711634e-02 1.266469999999999985e+00 -7.720074369635081257e-02 -9.969492867323147545e-01 1.149629751959277066e-02 -7.662889999999999979e-01 -1.622505786554045634e-02 1.278543564046885628e-02 9.997866173002833978e-01 7.723300000000000054e+00
-9.968507676521348726e-01 7.730865847926288170e-02 -1.766121047625058768e-02 1.268729999999999913e+00 -7.752699025424153456e-02 -9.969176666256690522e-01 1.203045102024379552e-02 -7.658470000000000555e-01 -1.667671470849302687e-02 1.336178482720182074e-02 9.997716488742632857e-01 7.725179999999999936e+00
-9.967993088363871212e-01 7.780346943081829780e-02 -1.837819490125938704e-02 1.270119999999999916e+00 -7.803830116251091187e-02 -9.968729301218264283e-01 1.242516567267831253e-02 -7.655790000000000095e-01 -1.735400400398137699e-02 1.381959966323114720e-02 9.997538983220709552e-01 7.726729999999999876e+00
-9.967578450516778599e-01 7.819309988118608445e-02 -1.896410975780193561e-02 1.271209999999999951e+00 -7.844489765479273347e-02 -9.968347598924836017e-01 1.291741080958073995e-02 -7.653469999999999995e-01 -1.789403140335333806e-02 1.436316821126997975e-02 9.997367168605293397e-01 7.728329999999999700e+00
-9.966941786082961219e-01 7.881855348713845411e-02 -1.970659672618901848e-02 1.271770000000000067e+00 -7.908927021579331695e-02 -9.967780554453347097e-01 1.335647855349439590e-02 -7.651550000000000296e-01 -1.859036484490767666e-02 1.487090477448565519e-02 9.997165871016250316e-01 7.729890000000000150e+00
-9.966489105839592133e-01 7.921423780125964875e-02 -2.039739104329348074e-02 1.274629999999999930e+00 -7.950046397407849186e-02 -9.967417084768112057e-01 1.362508020652368479e-02 -7.646899999999999809e-01 -1.925163005342114125e-02 1.520102339625344079e-02 9.996991065455611558e-01 7.731379999999999697e+00
-9.966109686921761357e-01 7.963408931155242787e-02 -2.061525895938235223e-02 1.277640000000000109e+00 -7.992627438151521380e-02 -9.967058169086925323e-01 1.375882276457193742e-02 -7.642590000000000217e-01 -1.945167720103968198e-02 1.535989452749758274e-02 9.996928057629359543e-01 7.733150000000000190e+00
-9.965441815122052516e-01 8.035286134937989766e-02 -2.105022487138738518e-02 1.279840000000000089e+00 -8.066747577387096968e-02 -9.966348954919882486e-01 1.454797030328606848e-02 -7.639820000000000499e-01 -1.981041762408317780e-02 1.619576366339926451e-02 9.996725686908281006e-01 7.734869999999999912e+00
-9.964809488926438252e-01 8.098595455719109770e-02 -2.161003605912922496e-02 1.281239999999999934e+00 -8.132459626516025386e-02 -9.965705401551432363e-01 1.527967726082256512e-02 -7.638420000000000210e-01 -2.029848605992501040e-02 1.698333475342206009e-02 9.996497075497637885e-01 7.735850000000000115e+00
-9.964367341518500787e-01 8.133134020850564527e-02 -2.233938075873767581e-02 1.282389999999999919e+00 -8.169501517939105339e-02 -9.965308768444234300e-01 1.587879058757082906e-02 -7.637850000000000472e-01 -2.097043937628895183e-02 1.764722628554347972e-02 9.996243374772306733e-01 7.737129999999999619e+00
-9.963869883044103037e-01 8.173674783418481693e-02 -2.306672042485002905e-02 1.282990000000000075e+00 -8.212759554868372114e-02 -9.964846126280679783e-01 1.653707485867757232e-02 -7.639639999999999764e-01 -2.163394524951785247e-02 1.837174049948896853e-02 9.995971446357581058e-01 7.738269999999999982e+00
-9.963381259193224704e-01 8.223727804130963326e-02 -2.339591716366066013e-02 1.286289999999999933e+00 -8.264686833921879028e-02 -9.964319548169799923e-01 1.711299428305632087e-02 -7.637770000000000392e-01 -2.190511340514747843e-02 1.898392793834874359e-02 9.995797999593325489e-01 7.740020000000000344e+00
-9.962933439237442457e-01 8.269540109488300594e-02 -2.368635664259371304e-02 1.289870000000000072e+00 -8.312726648420552811e-02 -9.963787595085031867e-01 1.786687345788966555e-02 -7.636579999999999480e-01 -2.212307438191181419e-02 1.976962918349210382e-02 9.995597687691515354e-01 7.742210000000000036e+00
-9.962436442087364563e-01 8.312118546390444285e-02 -2.427900123092725099e-02 1.292559999999999931e+00 -8.357666791582986365e-02 -9.963316735277781833e-01 1.838849927056694991e-02 -7.636119999999999575e-01 -2.266146406972106842e-02 2.034858354804454719e-02 9.995360889901898638e-01 7.744279999999999831e+00
-9.961880791493512577e-01 8.357740603799736212e-02 -2.498255712863381786e-02 1.294189999999999952e+00 -8.405441413691978891e-02 -9.962857981987699452e-01 1.869395013203121667e-02 -7.636659999999999560e-01 -2.332737500930846461e-02 2.072258447683138563e-02 9.995130854910182494e-01 7.745610000000000106e+00
-9.961348927659392505e-01 8.407679648604197975e-02 -2.542376264118198503e-02 1.295460000000000056e+00 -8.456916604081533839e-02 -9.962373440578697892e-01 1.895284832637144160e-02 -7.638220000000000010e-01 -2.373460699804168239e-02 2.102965993938352499e-02 9.994970844547182987e-01 7.746739999999999959e+00
-9.960674189329169481e-01 8.473792978115700369e-02 -2.586851748208834553e-02 1.296270000000000033e+00 -8.525255426483398236e-02 -9.961688623283310173e-01 1.948331898831981435e-02 -7.640109999999999957e-01 -2.411843551391635795e-02 2.161205644733494441e-02 9.994754724776785393e-01 7.747469999999999857e+00
-9.960224014104197554e-01 8.510607453196043781e-02 -2.638810274311731777e-02 1.299369999999999914e+00 -8.564627428674263798e-02 -9.961235699714425795e-01 2.006362500020545184e-02 -7.636150000000000437e-01 -2.457827474459844605e-02 2.224386263914653397e-02 9.994504084673087041e-01 7.748599999999999710e+00
-9.959657709099363210e-01 8.558065362052949543e-02 -2.698397490472735291e-02 1.302759999999999918e+00 -8.613804310138073461e-02 -9.960780679122005488e-01 2.021682850898743472e-02 -7.631860000000000310e-01 -2.514797618975883262e-02 2.245961598469763121e-02 9.994314108248644191e-01 7.750149999999999650e+00
-9.958758436466944586e-01 8.561036361393607741e-02 -3.003613961337791086e-02 1.305360000000000076e+00 -8.625984922793318577e-02 -9.960505568238658958e-01 2.103631769205662611e-02 -7.629650000000000043e-01 -2.811658678002919645e-02 2.354047350323590360e-02 9.993274256494137919e-01 7.751859999999999751e+00
-9.953516591167994587e-01 8.328659843450271494e-02 -4.835718369223579449e-02 1.306880000000000042e+00 -8.452682508134641559e-02 -9.961274891109432872e-01 2.419176056418823051e-02 -7.628779999999999450e-01 -4.615507052429031198e-02 2.816678822190126635e-02 9.985371007159226098e-01 7.754120000000000346e+00
-9.944474347984746387e-01 7.909541322371919925e-02 -6.941336348069469808e-02 1.306999999999999940e+00 -8.109852835516008496e-02 -9.963530465616858844e-01 2.652612496906766454e-02 -7.627709999999999768e-01 -6.706212136043139538e-02 3.200815855709925051e-02 9.972352529190003922e-01 7.757550000000000168e+00
-9.936627207772832371e-01 7.164426511050461799e-02 -8.661118065390099874e-02 1.304689999999999905e+00 -7.425345597723331803e-02 -9.968660759918261949e-01 2.728462592918828172e-02 -7.625610000000000444e-01 -8.438496082196172976e-02 3.354289512600827639e-02 9.958684916060162040e-01 7.760849999999999582e+00
-9.937069676148028163e-01 6.559593144856470937e-02 -9.079447280087296623e-02 1.303439999999999932e+00 -6.827398662785447159e-02 -9.973090577906605914e-01 2.670778910064568537e-02 -7.619059999999999722e-01 -8.879822781864968317e-02 3.273861674078819978e-02 9.955114553384942777e-01 7.763329999999999842e+00
-9.942966628218216085e-01 5.931656338778566045e-02 -8.863233952261150017e-02 1.298929999999999918e+00 -6.182595604650461402e-02 -9.977524448444069494e-01 2.583814942956056543e-02 -7.610310000000000130e-01 -8.690050322250357506e-02 3.117056487892747724e-02 9.957292294719503056e-01 7.765579999999999927e+00
-9.956234217771635642e-01 5.052771434930254657e-02 -7.861903135607319071e-02 1.291539999999999910e+00 -5.264724551760890936e-02 -9.982970967064606072e-01 2.512318146374038774e-02 -7.603649999999999576e-01 -7.721573381209649589e-02 2.915230334101760051e-02 9.965881163558856226e-01 7.767430000000000057e+00
-9.965066312193087139e-01 4.413822804241360198e-02 -7.089676128865544935e-02 1.282799999999999940e+00 -4.601924103200406846e-02 -9.986246512391447894e-01 2.512041783758637431e-02 -7.600000000000000089e-01 -6.969048278483234993e-02 2.829527810028571733e-02 9.971672948138865511e-01 7.768989999999999618e+00
-9.971882842171551076e-01 3.740499796241852914e-02 -6.493375044980952138e-02 1.270140000000000047e+00 -3.913580568793099956e-02 -9.989061604960514096e-01 2.559045205137460560e-02 -7.597080000000000499e-01 -6.390551254158892414e-02 2.805973361364396540e-02 9.975613950110181483e-01 7.771060000000000301e+00
-9.978790489714867151e-01 2.851656951443581889e-02 -5.851674022781037932e-02 1.256650000000000045e+00 -3.005798361040409178e-02 -9.992194456034059202e-01 2.563234576269477968e-02 -7.595410000000000217e-01 -5.774011815919127821e-02 2.733687603128799257e-02 9.979573006716330186e-01 7.773349999999999760e+00
-9.981352327526162860e-01 2.222665466375379692e-02 -5.685097149863502924e-02 1.246170000000000000e+00 -2.371474317801912715e-02 -9.993900206499233274e-01 2.563586513746754503e-02 -7.583760000000000501e-01 -5.624649405857200940e-02 2.693626640431186908e-02 9.980534902791106111e-01 7.775619999999999976e+00
-9.982374131183546773e-01 1.553291812922550676e-02 -5.727822889340938167e-02 1.232450000000000045e+00 -1.702541412549473526e-02 -9.995256946967718825e-01 2.566166235439376955e-02 -7.570580000000000087e-01 -5.685246102527510142e-02 2.659161701225188149e-02 9.980283981831594708e-01 7.778270000000000017e+00
-9.981702787148504230e-01 5.862788869206578095e-03 -6.018074772710075432e-02 1.218069999999999986e+00 -7.413432465064358733e-03 -9.996454022878112911e-01 2.557558804653038351e-02 -7.560449999999999671e-01 -6.000946349871631030e-02 2.597493775767336852e-02 9.978597932069821486e-01 7.780260000000000176e+00
-9.981528789806869417e-01 -2.952009442937513395e-04 -6.075148589926483711e-02 1.204069999999999974e+00 -1.257041494355931599e-03 -9.996737540563799262e-01 2.551088586281698156e-02 -7.553440000000000154e-01 -6.073919681101778989e-02 2.554013130793763436e-02 9.978268645729707620e-01 7.781699999999999839e+00
-9.981619412282010106e-01 -7.236907167168231403e-03 -6.016947945763495564e-02 1.185880000000000045e+00 5.715019516535791572e-03 -9.996603434102908636e-01 2.542707935930521232e-02 -7.547340000000000160e-01 -6.033305591029332338e-02 2.503647314364743429e-02 9.978642680129659048e-01 7.783669999999999867e+00
-9.981826516993522747e-01 -1.629952455808031386e-02 -5.801482005168655254e-02 1.167599999999999971e+00 1.482379249936676899e-02 -9.995577957013898063e-01 2.577728124751917441e-02 -7.542820000000000080e-01 -5.840932307761109721e-02 2.487043529491437741e-02 9.979828718098604501e-01 7.785560000000000258e+00
-9.981289853906687437e-01 -2.298100991144238353e-02 -5.666040686797278042e-02 1.153860000000000108e+00 2.154140392874850235e-02 -9.994327065358561413e-01 2.588885905542332583e-02 -7.529839999999999867e-01 -5.722321591602947538e-02 2.461987591080147530e-02 9.980577965580772482e-01 7.786240000000000272e+00
-9.980340307353768869e-01 -2.993075056588008834e-02 -5.506563052085812482e-02 1.136600000000000055e+00 2.854230196758605551e-02 -9.992587845654233858e-01 2.583057233635471794e-02 -7.515049999999999786e-01 -5.579794344317473564e-02 2.420809037069196479e-02 9.981485650283311584e-01 7.786730000000000373e+00
-9.978711978331975541e-01 -3.799304616050180883e-02 -5.300566930419702699e-02 1.119320000000000093e+00 3.666222748068533044e-02 -9.989931202919886122e-01 2.585781671818433367e-02 -7.503670000000000062e-01 -5.393471619554882773e-02 2.385946463612942728e-02 9.982593712739106229e-01 7.787259999999999849e+00
-9.976649526254200984e-01 -4.438780490973728149e-02 -5.190727384686533857e-02 1.103189999999999893e+00 4.308391597474233586e-02 -9.987337391037597323e-01 2.597488325487688418e-02 -7.496080000000000521e-01 -5.299451374623329741e-02 2.367786204703127909e-02 9.983140489653954397e-01 7.788249999999999673e+00
-9.973046099738581693e-01 -5.088222865602046174e-02 -5.286316044171659317e-02 1.083069999999999977e+00 4.953442869903475210e-02 -9.984207554053580180e-01 2.650161408771537636e-02 -7.488390000000000324e-01 -5.412813776909807667e-02 2.381163544972084850e-02 9.982500441867552254e-01 7.789480000000000182e+00
-9.967070782971806375e-01 -5.973368246809831333e-02 -5.483509142053439450e-02 1.063439999999999941e+00 5.833447166666754641e-02 -9.979380067544113553e-01 2.677357074435935888e-02 -7.481309999999999905e-01 -5.632130580578473961e-02 2.348663138538300069e-02 9.981364078413823560e-01 7.790189999999999948e+00
-9.962227732245010348e-01 -6.612802046352714291e-02 -5.627851293752949430e-02 1.045469999999999899e+00 6.469963171551387782e-02 -9.975438468925323932e-01 2.683712321998232841e-02 -7.464610000000000412e-01 -5.791497012656752347e-02 2.309455425902350728e-02 9.980543561343819814e-01 7.789719999999999978e+00
-9.956976508186105024e-01 -7.270078780440623889e-02 -5.745244648332001325e-02 1.029979999999999896e+00 7.126647491886763108e-02 -9.971016478914537240e-01 2.663443869852790205e-02 -7.449940000000000451e-01 -5.922227374002508871e-02 2.242541470666541484e-02 9.979928973035305795e-01 7.789500000000000313e+00
-9.949988896450931986e-01 -8.163778757270462316e-02 -5.755415923515403570e-02 1.011479999999999935e+00 8.022364803591081062e-02 -9.964253357252095267e-01 2.647105250483685474e-02 -7.433889999999999665e-01 -5.950946059948631489e-02 2.172146323656587441e-02 9.979913837974857538e-01 7.789179999999999993e+00
-9.944529098650262133e-01 -8.819997851543207035e-02 -5.730771196670672585e-02 9.941750000000000309e-01 8.681567799306075250e-02 -9.958793642824396164e-01 2.621697638952626142e-02 -7.420909999999999451e-01 -5.938390451618086319e-02 2.109634058980639632e-02 9.980122726189953886e-01 7.788649999999999629e+00
-9.939768058092526282e-01 -9.447401149896615669e-02 -5.554071177549205207e-02 9.725420000000000176e-01 9.315640869944301350e-02 -9.953156605956148262e-01 2.585767374179175765e-02 -7.406249999999999778e-01 -5.772341839719306866e-02 2.052795470590825649e-02 9.981215407174290899e-01 7.788079999999999892e+00
-9.932961261599446701e-01 -1.028123313585186105e-01 -5.284345064691695071e-02 9.515510000000000357e-01 1.015752705440184367e-01 -9.944986106000475168e-01 2.559253657776630608e-02 -7.392400000000000082e-01 -5.518396659860941300e-02 2.005337964536188511e-02 9.982748077534774334e-01 7.787609999999999921e+00
-9.926280060783501114e-01 -1.090934047058566003e-01 -5.280407748084110786e-02 9.350159999999999583e-01 1.078447156924089434e-01 -9.938289041608843188e-01 2.595431662746407880e-02 -7.371459999999999679e-01 -5.530966322571465033e-02 2.006834083972459937e-02 9.982675507346705501e-01 7.787110000000000198e+00
-9.917923589175799970e-01 -1.156844097738341098e-01 -5.445212693717099706e-02 9.146959999999999535e-01 1.143938583060036401e-01 -9.930883564328837343e-01 2.625950302841731018e-02 -7.346909999999999830e-01 -5.711358835310656468e-02 1.981498555924607677e-02 9.981710296200337895e-01 7.786660000000000359e+00
-9.905937560964316324e-01 -1.244577953008005194e-01 -5.687062134026158594e-02 8.948139999999999983e-01 1.231089547332667872e-01 -9.920352817172902737e-01 2.664929816297292170e-02 -7.325639999999999930e-01 -5.973437575840102182e-02 1.939734561636206195e-02 9.980258249844007334e-01 7.786220000000000141e+00
-9.896559408647510603e-01 -1.310684166326165634e-01 -5.832828535558862160e-02 8.765810000000000546e-01 1.296791642413026302e-01 -9.911879530027120078e-01 2.701399977734670471e-02 -7.308160000000000212e-01 -6.135497594149465217e-02 1.917060206962928337e-02 9.979318889300542450e-01 7.786100000000000243e+00
-9.886919989492535255e-01 -1.377695136524255959e-01 -5.922577413342895031e-02 8.539569999999999661e-01 1.363635427114422149e-01 -9.902859729738267003e-01 2.717859360721978923e-02 -7.288400000000000434e-01 -6.239483498587437144e-02 1.879502166148946246e-02 9.978745571101760303e-01 7.785969999999999835e+00
-9.874255024062559283e-01 -1.465538206331409299e-01 -5.926934161590213107e-02 8.319860000000000033e-01 1.451388421951054775e-01 -9.890280486556453088e-01 2.753607558587432835e-02 -7.270419999999999661e-01 -6.265455836583334881e-02 1.858753964988037882e-02 9.978621696836426080e-01 7.785919999999999952e+00
-9.863503827468228513e-01 -1.533456637024829261e-01 -5.998358007688818494e-02 8.162110000000000198e-01 1.519010935521264427e-01 -9.879998435945710478e-01 2.797082113150509489e-02 -7.238850000000000007e-01 -6.355297186492206429e-02 1.847745871995211744e-02 9.978073978911904396e-01 7.784629999999999939e+00
-9.853981756288742178e-01 -1.598786235613371964e-01 -5.855989408647032518e-02 7.968159999999999688e-01 1.584815192949495799e-01 -9.869704464832343982e-01 2.780190300409998358e-02 -7.201060000000000239e-01 -6.224181479721584836e-02 1.811528351467589157e-02 9.978966845289807264e-01 7.782799999999999940e+00
-9.841101487780830048e-01 -1.684325098205740612e-01 -5.619345787119114227e-02 7.777429999999999621e-01 1.671036049657524947e-01 -9.855530162725785193e-01 2.759777750964575657e-02 -7.167080000000000117e-01 -6.002999483115794427e-02 1.776912354519473783e-02 9.980384050571433630e-01 7.780999999999999694e+00
-9.829788041574323287e-01 -1.746473011430011157e-01 -5.701746031427898376e-02 7.601210000000000466e-01 1.733120709941974591e-01 -9.844796849646986203e-01 2.761658812218311526e-02 -7.138729999999999798e-01 -6.095569395000571822e-02 1.726470663735475003e-02 9.979911488985258039e-01 7.779519999999999769e+00
-9.816367291454186628e-01 -1.814711327385807038e-01 -5.880102018893625104e-02 7.382570000000000521e-01 1.801035771089526671e-01 -9.832541116870794351e-01 2.782181451686958212e-02 -7.106590000000000407e-01 -6.286520106738557878e-02 1.672064092754722148e-02 9.978819502635212224e-01 7.778109999999999857e+00
-9.799418690911598784e-01 -1.898598504874133563e-01 -6.055716617396646184e-02 7.170809999999999684e-01 1.884775374777204193e-01 -9.816831558257885781e-01 2.782803324446678217e-02 -7.076409999999999645e-01 -6.473137622867931873e-02 1.585618935361540055e-02 9.977767436609874530e-01 7.777219999999999800e+00
-9.785749952702222920e-01 -1.964440330676323343e-01 -6.164998381190187754e-02 7.013909999999999867e-01 1.950454384804017061e-01 -9.803945128836792922e-01 2.799778626180290594e-02 -7.036099999999999577e-01 -6.594130389879035437e-02 1.537338543381840464e-02 9.977050683746329085e-01 7.775750000000000384e+00
-9.772074903546603686e-01 -2.028918381643722013e-01 -6.245336500964920184e-02 6.820159999999999556e-01 2.014923377994683740e-01 -9.790894598095483126e-01 2.801191707026850011e-02 -6.987719999999999487e-01 -6.683082075548071876e-02 1.478958066102221622e-02 9.976547046453596579e-01 7.774079999999999657e+00
-9.751184836916636511e-01 -2.120608889151100740e-01 -6.460744659406107704e-02 6.627819999999999823e-01 2.106367717698620357e-01 -9.771579083792291121e-01 2.818816188227982189e-02 -6.943009999999999460e-01 -6.910928404521472779e-02 1.387809368983705660e-02 9.975125590057972724e-01 7.772470000000000212e+00
-9.736282535681216599e-01 -2.187188159781315311e-01 -6.488530951620530285e-02 6.449249999999999705e-01 2.173093656928838935e-01 -9.756975202223897581e-01 2.812451980098098700e-02 -6.905229999999999979e-01 -6.945979726464782122e-02 1.328264164251815801e-02 9.974963197901788314e-01 7.770929999999999893e+00
-9.721658526061828232e-01 -2.252383291944983212e-01 -6.450775215556935061e-02 6.226509999999999545e-01 2.238596564024395441e-01 -9.742204949354745791e-01 2.795141289918664715e-02 -6.861420000000000297e-01 -6.914050377221205024e-02 1.273272591984575888e-02 9.975256730675029493e-01 7.769090000000000273e+00
-9.700148166418653961e-01 -2.340727154374710184e-01 -6.543102767783040563e-02 6.010069999999999579e-01 2.326755110157295026e-01 -9.721419196055982592e-01 2.832304219379916388e-02 -6.820610000000000284e-01 -7.023789624424572886e-02 1.224957277913438225e-02 9.974550545753484432e-01 7.767149999999999999e+00
-9.683751133325716465e-01 -2.409153707889777341e-01 -6.488007394985892407e-02 5.844209999999999683e-01 2.395265482099155352e-01 -9.704710749963633143e-01 2.851184487273581564e-02 -6.774559999999999471e-01 -6.983317679135606082e-02 1.206966084914247971e-02 9.974856644113812010e-01 7.764249999999999652e+00
-9.667714425850019166e-01 -2.474350551831155376e-01 -6.425629361115971216e-02 5.639629999999999921e-01 2.460509268741484790e-01 -9.688303226987061700e-01 2.875321206220016537e-02 -6.719680000000000097e-01 -6.936799828802496515e-02 1.198746370380245410e-02 9.975191133644824015e-01 7.760839999999999961e+00
-9.645202027476084128e-01 -2.563181862578197134e-01 -6.325951221131795310e-02 5.439469999999999583e-01 2.549664659783777432e-01 -9.665231289770358503e-01 2.872529162492208632e-02 -6.669450000000000101e-01 -6.850459632907099361e-02 1.157706983401826130e-02 9.975836264373273421e-01 7.757719999999999949e+00
-9.629099800515310559e-01 -2.626095091761357914e-01 -6.197270372856544807e-02 5.256180000000000296e-01 2.613213240321441422e-01 -9.648400220929729265e-01 2.819392441144504338e-02 -6.627020000000000133e-01 -6.719773748606902575e-02 1.095342220039840705e-02 9.976795510678028167e-01 7.755259999999999820e+00
-9.611268844187582649e-01 -2.690449338700320325e-01 -6.204784932905407779e-02 5.030780000000000252e-01 2.677539336578320661e-01 -9.630682168774126195e-01 2.841550019475865690e-02 -6.577009999999999801e-01 -6.740135798519319987e-02 1.069734543852630081e-02 9.976685941445289085e-01 7.752740000000000187e+00
-9.586231409018100003e-01 -2.775182815698920558e-01 -6.344507169231239363e-02 4.813689999999999913e-01 2.762081570980134404e-01 -9.606680318189897427e-01 2.873998249038399455e-02 -6.529770000000000296e-01 -6.892552270434859629e-02 1.002676595530997868e-02 9.975714191397073716e-01 7.750370000000000203e+00
-9.566963862294788346e-01 -2.837820648759423747e-01 -6.480558795506805025e-02 4.640639999999999765e-01 2.824384867352829342e-01 -9.588402118349119707e-01 2.922241227319103546e-02 -6.473619999999999930e-01 -7.043100017846570804e-02 9.653384024650131859e-03 9.974699426001434333e-01 7.746979999999999755e+00
-9.548651106231861307e-01 -2.899753448680684187e-01 -6.439658285356165968e-02 4.428839999999999999e-01 2.886628077965405215e-01 -9.569905316733487988e-01 2.903283800421265284e-02 -6.405750000000000055e-01 -7.004572727574716329e-02 9.133545653585883189e-03 9.975019671330006554e-01 7.743269999999999875e+00
-9.522741024195180426e-01 -2.983255837590632620e-01 -6.462104870640156262e-02 4.223620000000000152e-01 2.970293993047684600e-01 -9.544266890892372235e-01 2.903844181089258042e-02 -6.342759999999999510e-01 -7.033896366701331004e-02 8.458204831422497239e-03 9.974872876188848325e-01 7.740219999999999878e+00
-9.500538249592855866e-01 -3.048082465450346334e-01 -6.700494398455067446e-02 4.037589999999999790e-01 3.034626439112126373e-01 -9.523813729351202628e-01 2.966722495671181639e-02 -6.289510000000000378e-01 -7.285707536435961917e-02 7.851963089377186206e-03 9.973114825594836530e-01 7.737400000000000055e+00
-9.478048037471791254e-01 -3.113107644946916386e-01 -6.893229942126158361e-02 3.808170000000000166e-01 3.099520753642783788e-01 -9.502827670027693685e-01 2.987262484177686389e-02 -6.225129999999999830e-01 -7.480484590685651525e-02 6.947708060321551929e-03 9.971739890217558022e-01 7.734230000000000160e+00
-9.452869916812584039e-01 -3.194486860248786919e-01 -6.621963723228101173e-02 3.587250000000000161e-01 3.182289016380133728e-01 -9.475854078866593477e-01 2.850019162281466900e-02 -6.163739999999999775e-01 -7.185311072222301532e-02 5.867857978173395342e-03 9.973979640656420731e-01 7.731460000000000221e+00
-9.432838245287517021e-01 -3.254621712076993245e-01 -6.549810298917990714e-02 3.422689999999999899e-01 3.242797791298073773e-01 -9.455396620743189429e-01 2.823778128511790497e-02 -6.094540000000000513e-01 -7.112138377404073064e-02 5.396531956079793010e-03 9.974530696794273732e-01 7.727850000000000108e+00
-9.410029051211024065e-01 -3.319915842786640425e-01 -6.553716900956525759e-02 3.222550000000000137e-01 3.308015710328788828e-01 -9.432680356919633802e-01 2.856104766993156074e-02 -6.011579999999999702e-01 -7.130114414106385190e-02 5.196230361296403852e-03 9.974412995430897988e-01 7.723460000000000214e+00
-9.382386269024827197e-01 -3.397423357568078450e-01 -6.544787454648205716e-02 3.027130000000000098e-01 3.385866486210395432e-01 -9.405080816441460101e-01 2.834836393199407015e-02 -5.935240000000000515e-01 -7.118539431453828337e-02 4.437753548422389976e-03 9.974532299710733296e-01 7.719610000000000305e+00
-9.358790182822008807e-01 -3.458693871070335213e-01 -6.711803186438582147e-02 2.848240000000000216e-01 3.446863624342816346e-01 -9.382747401168539669e-01 2.884135243834830969e-02 -5.870419999999999527e-01 -7.295049479590080821e-02 3.857346348849018461e-03 9.973281035788463811e-01 7.716750000000000220e+00
-9.334140459678663682e-01 -3.520765464988333537e-01 -6.913988859806237397e-02 2.627619999999999956e-01 3.508477284453291878e-01 -9.359652025427074307e-01 2.958058609867112582e-02 -5.794890000000000319e-01 -7.512716043249721698e-02 3.353361692868142216e-03 9.971683231685141147e-01 7.713619999999999699e+00
-9.299389127601649374e-01 -3.606664390729488745e-01 -7.164731858821937749e-02 2.415069999999999995e-01 3.593730043916038563e-01 -9.326908270777309884e-01 3.064090076369789528e-02 -5.724059999999999704e-01 -7.787594140037851220e-02 2.746053804534520637e-03 9.969592754669107659e-01 7.710469999999999935e+00
-9.270314112243462912e-01 -3.676596521384833394e-01 -7.375054435599855129e-02 2.253149999999999875e-01 3.663124212108132549e-01 -9.299577995390622132e-01 3.152302560251634550e-02 -5.648539999999999672e-01 -8.017463857148608708e-02 2.207094441700620246e-03 9.967783886421579531e-01 7.706750000000000433e+00
-9.246028438778238767e-01 -3.735556151867728270e-01 -7.460417853895728868e-02 2.053899999999999892e-01 3.721921112235346829e-01 -9.276061124718374407e-01 3.193638125795283944e-02 -5.558849999999999625e-01 -8.113330657633094356e-02 1.761382217757600718e-03 9.967017026656844747e-01 7.702519999999999811e+00
-9.213850565603510789e-01 -3.818655750528918147e-01 -7.230670879526052142e-02 1.857250000000000012e-01 3.805847300432548264e-01 -9.242169624084849433e-01 3.127730254251269437e-02 -5.475999999999999757e-01 -7.877081188601045558e-02 1.299609925027811475e-03 9.968919049770950114e-01 7.699029999999999596e+00
-9.188551357862496660e-01 -3.881013222437713073e-01 -7.129237765616264211e-02 1.676829999999999987e-01 3.868425472663878373e-01 -9.216160087774974974e-01 3.125341564514070442e-02 -5.405060000000000420e-01 -7.783368848824392949e-02 1.138436503212594472e-03 9.969657069822628337e-01 7.696010000000000240e+00
-9.162700285036139425e-01 -3.942244996152964864e-01 -7.096674410634903896e-02 1.453990000000000005e-01 3.929685268290570299e-01 -9.190136931555744626e-01 3.145741111968216458e-02 -5.321329999999999671e-01 -7.762069175025176904e-02 9.357860979544302404e-04 9.969825236766147736e-01 7.692230000000000345e+00
-9.129099730662684209e-01 -4.021782440610179865e-01 -6.962787574054495054e-02 1.240099999999999952e-01 4.010068393796619723e-01 -9.155613870551702060e-01 3.067346254250372800e-02 -5.242599999999999483e-01 -7.608479379533393538e-02 8.085548009050154417e-05 9.971013477152221860e-01 7.688699999999999868e+00
-9.102754321401637094e-01 -4.081397497678768138e-01 -6.943041337521596579e-02 1.080620000000000053e-01 4.069820984561184352e-01 -9.129194151743275087e-01 3.071991103532650813e-02 -5.158380000000000187e-01 -7.592238917666355169e-02 -2.933550391319289519e-04 9.971136869808419068e-01 7.683519999999999683e+00
-9.074314054676045904e-01 -4.141693324226339845e-01 -7.093665097590726165e-02 8.873390000000000444e-02 4.129989402998597292e-01 -9.101992467848775137e-01 3.113208093646877700e-02 -5.058150000000000146e-01 -7.746043946609720843e-02 -1.046533722159619095e-03 9.969948771608045934e-01 7.677389999999999937e+00
-9.034755119273999435e-01 -4.223720259083785789e-01 -7.303335592436153989e-02 6.982439999999999480e-02 4.211946320574944669e-01 -9.064198552245298357e-01 3.159316351196891914e-02 -4.965430000000000121e-01 -7.954295238092633225e-02 -2.217607899103322955e-03 9.968289727639999542e-01 7.672030000000000349e+00
-9.005405851693505381e-01 -4.283812531764156772e-01 -7.427083135287418370e-02 5.245339999999999725e-02 4.271630080393430950e-01 -9.035944565162482567e-01 3.238553250891378077e-02 -4.886220000000000008e-01 -8.098406649226430609e-02 -2.561265333678250031e-03 9.967121053214247350e-01 7.667849999999999611e+00
-8.976367801266156299e-01 -4.343327764530816593e-01 -7.485486131494373252e-02 3.077560000000000018e-02 4.331117382733108423e-01 -9.007472308057240529e-01 3.269018760562622528e-02 -4.791929999999999801e-01 -8.162372898730582693e-02 -3.076604358273565473e-03 9.966584677670830006e-01 7.663339999999999819e+00
-8.940229994620485510e-01 -4.420047118153701549e-01 -7.317589197197121864e-02 9.715319999999999512e-03 4.408464776741722879e-01 -8.970058995214982289e-01 3.216829721796680974e-02 -4.703999999999999848e-01 -7.985774574302462181e-02 -3.500136660115900356e-03 9.968001251445561817e-01 7.659329999999999750e+00
-8.910929415431702028e-01 -4.479100586403245154e-01 -7.300649903098507809e-02 -8.507640000000000341e-03 4.467421577693996282e-01 -8.940712513233145531e-01 3.252755798862468073e-02 -4.594739999999999935e-01 -7.984243234947863144e-02 -3.630003578992239271e-03 9.968008873744722553e-01 7.652910000000000323e+00
-8.879810107712189371e-01 -4.539408380887772765e-01 -7.367116142007634760e-02 -2.379329999999999987e-02 4.527612484884352417e-01 -8.910224438854714712e-01 3.295840347400805226e-02 -4.502829999999999888e-01 -8.060382358745676878e-02 -4.089010591891487773e-03 9.967378309342239673e-01 7.647300000000000431e+00
-8.838589625231025870e-01 -4.617335993366576963e-01 -7.480252409644821965e-02 -4.192250000000000143e-02 4.605707402827929897e-01 -8.870036959029190538e-01 3.315172167357374744e-02 -4.400140000000000162e-01 -8.165737910896300744e-02 -5.150407573863062180e-03 9.966471520748344526e-01 7.641090000000000160e+00
-8.806092031963116407e-01 -4.675867730005076606e-01 -7.674660227611816710e-02 -5.875530000000000336e-02 4.663919459609854323e-01 -8.839273620337174675e-01 3.392596926896104120e-02 -4.311260000000000092e-01 -8.370175618636792325e-02 -5.918476415850212544e-03 9.964732749292540825e-01 7.636280000000000179e+00
-8.772177136424361699e-01 -4.736873090637096495e-01 -7.816275394277166777e-02 -7.976120000000000432e-02 4.725096442362579086e-01 -8.806651898495931885e-01 3.410952199759704345e-02 -4.205360000000000209e-01 -8.499246422866921225e-02 -7.011178157856750096e-03 9.963569262092660805e-01 7.631310000000000038e+00
-8.730869775151705037e-01 -4.815418277946021952e-01 -7.639762939815605836e-02 -1.001350000000000018e-01 4.804747829729362207e-01 -8.763875324154787316e-01 3.299812045887021150e-02 -4.105369999999999853e-01 -8.284390515019304790e-02 -7.896905149609341479e-03 9.965312470106113540e-01 7.626970000000000027e+00
