9.999999955248712880e-01 9.460579985887561849e-05 0.000000000000000000e+00 -1.156919999999999928e-05 -9.460579985887561849e-05 9.999999955248712880e-01 0.000000000000000000e+00 -2.439290000000000133e-07 0.000000000000000000e+00 0.000000000000000000e+00 1.000000000000000000e+00 0.000000000000000000e+00
9.999999944029683840e-01 1.058019998026076192e-04 0.000000000000000000e+00 -1.828699999999999957e-05 -1.058019998026076192e-04 9.999999944029683840e-01 0.000000000000000000e+00 -2.406740000000000017e-07 0.000000000000000000e+00 0.000000000000000000e+00 1.000000000000000000e+00 0.000000000000000000e+00
9.999999931530427766e-01 1.170209997329207436e-04 0.000000000000000000e+00 -2.500720000000000004e-05 -1.170209997329207436e-04 9.999999931530427766e-01 0.000000000000000000e+00 -2.439880000000000008e-07 0.000000000000000000e+00 0.000000000000000000e+00 1.000000000000000000e+00 0.000000000000000000e+00
9.999999917708379815e-01 1.282899996480935958e-04 0.000000000000000000e+00 -3.173250000000000154e-05 -1.282899996480935958e-04 9.999999917708379815e-01 0.000000000000000000e+00 -2.601310000000000150e-07 0.000000000000000000e+00 0.000000000000000000e+00 1.000000000000000000e+00 0.000000000000000000e+00
9.999999902677824126e-01 1.395149995474032133e-04 0.000000000000000000e+00 -3.845909999999999910e-05 -1.395149995474032133e-04 9.999999902677824126e-01 0.000000000000000000e+00 -2.594109999999999927e-07 0.000000000000000000e+00 0.000000000000000000e+00 1.000000000000000000e+00 0.000000000000000000e+00
9.999999999997205569e-01 7.476209999999303264e-07 0.000000000000000000e+00 -4.519110000000000173e-05 -7.476209999999303264e-07 9.999999999997205569e-01 0.000000000000000000e+00 -2.627260000000000194e-07 0.000000000000000000e+00 0.000000000000000000e+00 1.000000000000000000e+00 0.000000000000000000e+00
9.999999904614328416e-01 -1.381199995608443833e-04 0.000000000000000000e+00 -5.192369999999999890e-05 1.381199995608443833e-04 9.999999904614328416e-01 0.000000000000000000e+00 -2.490630000000000115e-07 0.000000000000000000e+00 0.000000000000000000e+00 1.000000000000000000e+00 0.000000000000000000e+00
9.999999616856208862e-01 -2.768189964646172729e-04 0.000000000000000000e+00 -5.867279999999999837e-05 2.768189964646172729e-04 9.999999616856208862e-01 0.000000000000000000e+00 -2.584499999999999883e-07 0.000000000000000000e+00 0.000000000000000000e+00 1.000000000000000000e+00 0.000000000000000000e+00
9.999999136777987241e-01 -4.155049880442311465e-04 0.000000000000000000e+00 -6.543120000000000468e-05 4.155049880442311465e-04 9.999999136777987241e-01 0.000000000000000000e+00 -2.704309999999999948e-07 0.000000000000000000e+00 0.000000000000000000e+00 1.000000000000000000e+00 0.000000000000000000e+00
9.999998463984843822e-01 -5.542589716216588533e-04 0.000000000000000000e+00 -7.219570000000000403e-05 5.542589716216588533e-04 9.999998463984843822e-01 0.000000000000000000e+00 -2.633209999999999794e-07 0.000000000000000000e+00 0.000000000000000000e+00 1.000000000000000000e+00 0.000000000000000000e+00
9.999997599364897072e-01 -6.929119445523700691e-04 0.000000000000000000e+00 -7.897670000000000569e-05 6.929119445523700691e-04 9.999997599364897072e-01 0.000000000000000000e+00 -2.756900000000000023e-07 0.000000000000000000e+00 0.000000000000000000e+00 1.000000000000000000e+00 0.000000000000000000e+00
9.999996542066026395e-01 -8.316169041441085147e-04 0.000000000000000000e+00 -8.576710000000000085e-05 8.316169041441085147e-04 9.999996542066026395e-01 0.000000000000000000e+00 -2.763560000000000164e-07 0.000000000000000000e+00 0.000000000000000000e+00 1.000000000000000000e+00 0.000000000000000000e+00
9.999995293045949030e-01 -9.702528477687856262e-04 0.000000000000000000e+00 -9.257480000000000006e-05 9.702528477687856262e-04 9.999995293045949030e-01 0.000000000000000000e+00 -2.768269999999999946e-07 0.000000000000000000e+00 0.000000000000000000e+00 1.000000000000000000e+00 0.000000000000000000e+00
9.999993852924309312e-01 -1.108789772806122046e-03 0.000000000000000000e+00 -9.940250000000000247e-05 1.108789772806122046e-03 9.999993852924309312e-01 0.000000000000000000e+00 -2.636060000000000114e-07 0.000000000000000000e+00 0.000000000000000000e+00 1.000000000000000000e+00 0.000000000000000000e+00
9.999992220715631097e-01 -1.247339676552897776e-03 0.000000000000000000e+00 -1.062459999999999989e-04 1.247339676552897776e-03 9.999992220715631097e-01 0.000000000000000000e+00 -2.802070000000000156e-07 0.000000000000000000e+00 0.000000000000000000e+00 1.000000000000000000e+00 0.000000000000000000e+00
9.999990397377592766e-01 -1.385829556413231125e-03 0.000000000000000000e+00 -1.131090000000000041e-04 1.385829556413231125e-03 9.999990397377592766e-01 0.000000000000000000e+00 -2.904399999999999988e-07 0.000000000000000000e+00 0.000000000000000000e+00 1.000000000000000000e+00 0.000000000000000000e+00
9.999988380873009453e-01 -1.524409409589508367e-03 0.000000000000000000e+00 -1.199859999999999994e-04 1.524409409589508367e-03 9.999988380873009453e-01 0.000000000000000000e+00 -2.828310000000000264e-07 0.000000000000000000e+00 0.000000000000000000e+00 1.000000000000000000e+00 0.000000000000000000e+00
9.999986174985141529e-01 -1.662829233711614080e-03 0.000000000000000000e+00 -1.268920000000000041e-04 1.662829233711614080e-03 9.999986174985141529e-01 0.000000000000000000e+00 -2.603599999999999835e-07 0.000000000000000000e+00 0.000000000000000000e+00 1.000000000000000000e+00 0.000000000000000000e+00
9.999983777316447942e-01 -1.801259025957528811e-03 0.000000000000000000e+00 -1.338180000000000120e-04 1.801259025957528811e-03 9.999983777316447942e-01 0.000000000000000000e+00 -2.744230000000000215e-07 0.000000000000000000e+00 0.000000000000000000e+00 1.000000000000000000e+00 0.000000000000000000e+00
9.999981188989249814e-01 -1.939638783780217850e-03 0.000000000000000000e+00 -1.407690000000000070e-04 1.939638783780217850e-03 9.999981188989249814e-01 0.000000000000000000e+00 -2.875129999999999885e-07 0.000000000000000000e+00 0.000000000000000000e+00 1.000000000000000000e+00 0.000000000000000000e+00
9.999978407509720890e-01 -2.078098504287982911e-03 0.000000000000000000e+00 -1.477390000000000029e-04 2.078098504287982911e-03 9.999978407509720890e-01 0.000000000000000000e+00 -2.770799999999999903e-07 0.000000000000000000e+00 0.000000000000000000e+00 1.000000000000000000e+00 0.000000000000000000e+00
9.999975439859972726e-01 -2.216308185570238162e-03 0.000000000000000000e+00 -1.547470000000000009e-04 2.216308185570238162e-03 9.999975439859972726e-01 0.000000000000000000e+00 -2.984260000000000016e-07 0.000000000000000000e+00 0.000000000000000000e+00 1.000000000000000000e+00 0.000000000000000000e+00
9.999972276952359129e-01 -2.354697824017588318e-03 0.000000000000000000e+00 -1.617719999999999954e-04 2.354697824017588318e-03 9.999972276952359129e-01 0.000000000000000000e+00 -2.797739999999999746e-07 0.000000000000000000e+00 0.000000000000000000e+00 1.000000000000000000e+00 0.000000000000000000e+00
9.999968930006168932e-01 -2.492787418300467829e-03 0.000000000000000000e+00 -1.688399999999999894e-04 2.492787418300467829e-03 9.999968930006168932e-01 0.000000000000000000e+00 -2.684189999999999897e-07 0.000000000000000000e+00 0.000000000000000000e+00 1.000000000000000000e+00 0.000000000000000000e+00
9.999965392372089923e-01 -2.630876965048762565e-03 0.000000000000000000e+00 -1.759370000000000064e-04 2.630876965048762565e-03 9.999965392372089923e-01 0.000000000000000000e+00 -2.936899999999999782e-07 0.000000000000000000e+00 0.000000000000000000e+00 1.000000000000000000e+00 0.000000000000000000e+00
9.999961660727357815e-01 -2.769086461169213090e-03 0.000000000000000000e+00 -1.830570000000000060e-04 2.769086461169213090e-03 9.999961660727357815e-01 0.000000000000000000e+00 -2.838899999999999831e-07 0.000000000000000000e+00 0.000000000000000000e+00 1.000000000000000000e+00 0.000000000000000000e+00
9.999957743877709859e-01 -2.907095905239743139e-03 0.000000000000000000e+00 -1.902200000000000050e-04 2.907095905239743139e-03 9.999957743877709859e-01 0.000000000000000000e+00 -2.889529999999999802e-07 0.000000000000000000e+00 0.000000000000000000e+00 1.000000000000000000e+00 0.000000000000000000e+00
9.999953634734184416e-01 -3.045165293661328178e-03 0.000000000000000000e+00 -1.974110000000000112e-04 3.045165293661328178e-03 9.999953634734184416e-01 0.000000000000000000e+00 -2.867459999999999923e-07 0.000000000000000000e+00 0.000000000000000000e+00 1.000000000000000000e+00 0.000000000000000000e+00
9.999949340369649331e-01 -3.183064624893198590e-03 0.000000000000000000e+00 -2.046460000000000054e-04 3.183064624893198590e-03 9.999949340369649331e-01 0.000000000000000000e+00 -3.039750000000000204e-07 0.000000000000000000e+00 0.000000000000000000e+00 1.000000000000000000e+00 0.000000000000000000e+00
9.999944854845683739e-01 -3.320993895429173032e-03 0.000000000000000000e+00 -2.119140000000000043e-04 3.320993895429173032e-03 9.999944854845683739e-01 0.000000000000000000e+00 -3.005820000000000111e-07 0.000000000000000000e+00 0.000000000000000000e+00 1.000000000000000000e+00 0.000000000000000000e+00
9.999940187722913265e-01 -3.458673104279699675e-03 0.000000000000000000e+00 -2.192320000000000043e-04 3.458673104279699675e-03 9.999940187722913265e-01 0.000000000000000000e+00 -2.910060000000000053e-07 0.000000000000000000e+00 0.000000000000000000e+00 1.000000000000000000e+00 0.000000000000000000e+00
9.999935327087405845e-01 -3.596462246856991802e-03 0.000000000000000000e+00 -2.265819999999999933e-04 3.596462246856991802e-03 9.999935327087405845e-01 0.000000000000000000e+00 -2.923079999999999993e-07 0.000000000000000000e+00 0.000000000000000000e+00 1.000000000000000000e+00 0.000000000000000000e+00
9.999930280326485565e-01 -3.734151321848764443e-03 0.000000000000000000e+00 -2.339759999999999973e-04 3.734151321848764443e-03 9.999930280326485565e-01 0.000000000000000000e+00 -2.831939999999999880e-07 0.000000000000000000e+00 0.000000000000000000e+00 1.000000000000000000e+00 0.000000000000000000e+00
9.999925051337843485e-01 -3.871650327470589625e-03 0.000000000000000000e+00 -2.414209999999999913e-04 3.871650327470589625e-03 9.999925051337843485e-01 0.000000000000000000e+00 -3.113010000000000160e-07 0.000000000000000000e+00 0.000000000000000000e+00 1.000000000000000000e+00 0.000000000000000000e+00
9.999919637698122532e-01 -4.009039260778035282e-03 0.000000000000000000e+00 -2.489139999999999821e-04 4.009039260778035282e-03 9.999919637698122532e-01 0.000000000000000000e+00 -3.070050000000000151e-07 0.000000000000000000e+00 0.000000000000000000e+00 1.000000000000000000e+00 0.000000000000000000e+00
9.999914014151713992e-01 -4.146938114026068288e-03 0.000000000000000000e+00 -1.041979999999999941e-04 4.146938114026068288e-03 9.999914014151713992e-01 0.000000000000000000e+00 3.675280000000000072e-07 0.000000000000000000e+00 0.000000000000000000e+00 1.000000000000000000e+00 0.000000000000000000e+00
9.999908218009830874e-01 -4.284426892177646898e-03 0.000000000000000000e+00 2.153020000000000064e-04 4.284426892177646898e-03 9.999908218009830874e-01 0.000000000000000000e+00 1.734349999999999963e-06 0.000000000000000000e+00 0.000000000000000000e+00 1.000000000000000000e+00 0.000000000000000000e+00
9.999902239025266759e-01 -4.421775590707260201e-03 0.000000000000000000e+00 5.363259999999999469e-04 4.421775590707260201e-03 9.999902239025266759e-01 0.000000000000000000e+00 3.151130000000000186e-06 0.000000000000000000e+00 0.000000000000000000e+00 1.000000000000000000e+00 0.000000000000000000e+00
9.999896077774997893e-01 -4.558984207274931894e-03 0.000000000000000000e+00 8.572910000000000426e-04 4.558984207274931894e-03 9.999896077774997893e-01 0.000000000000000000e+00 4.600889999999999583e-06 0.000000000000000000e+00 0.000000000000000000e+00 1.000000000000000000e+00 0.000000000000000000e+00
9.999889708066290739e-01 -4.696622733270386374e-03 0.000000000000000000e+00 1.346619999999999978e-03 4.696622733270386374e-03 9.999889708066290739e-01 0.000000000000000000e+00 6.980309999999999750e-06 0.000000000000000000e+00 0.000000000000000000e+00 1.000000000000000000e+00 0.000000000000000000e+00
9.999883182749356170e-01 -4.833561178467796204e-03 0.000000000000000000e+00 1.846339999999999917e-03 4.833561178467796204e-03 9.999883182749356170e-01 0.000000000000000000e+00 9.361500000000000070e-06 0.000000000000000000e+00 0.000000000000000000e+00 1.000000000000000000e+00 0.000000000000000000e+00
9.999876501221139913e-01 -4.969869540804952926e-03 0.000000000000000000e+00 2.835600000000000186e-03 4.969869540804952926e-03 9.999876501221139913e-01 0.000000000000000000e+00 1.412450000000000004e-05 0.000000000000000000e+00 0.000000000000000000e+00 1.000000000000000000e+00 0.000000000000000000e+00
9.999869629806081850e-01 -5.106257809756920701e-03 0.000000000000000000e+00 4.476210000000000432e-03 5.106257809756920701e-03 9.999869629806081850e-01 0.000000000000000000e+00 2.236279999999999873e-05 0.000000000000000000e+00 0.000000000000000000e+00 1.000000000000000000e+00 0.000000000000000000e+00
9.999862592816688434e-01 -5.242255989080373511e-03 0.000000000000000000e+00 6.270269999999999663e-03 5.242255989080373511e-03 9.999862592816688434e-01 0.000000000000000000e+00 3.157069999999999912e-05 0.000000000000000000e+00 0.000000000000000000e+00 1.000000000000000000e+00 0.000000000000000000e+00
9.999855382163949091e-01 -5.378044074480154042e-03 0.000000000000000000e+00 8.229200000000000750e-03 5.378044074480154042e-03 9.999855382163949091e-01 0.000000000000000000e+00 4.188390000000000060e-05 0.000000000000000000e+00 0.000000000000000000e+00 1.000000000000000000e+00 0.000000000000000000e+00
9.999847946870996651e-01 -5.514562049616178116e-03 0.000000000000000000e+00 9.970909999999999496e-03 5.514562049616178116e-03 9.999847946870996651e-01 0.000000000000000000e+00 5.132419999999999897e-05 0.000000000000000000e+00 0.000000000000000000e+00 1.000000000000000000e+00 0.000000000000000000e+00
9.999840430861485219e-01 -5.649209951822699305e-03 0.000000000000000000e+00 1.209490000000000044e-02 5.649209951822699305e-03 9.999840430861485219e-01 0.000000000000000000e+00 6.292399999999999589e-05 0.000000000000000000e+00 0.000000000000000000e+00 1.000000000000000000e+00 0.000000000000000000e+00
9.999832703471230877e-01 -5.784377742906890787e-03 0.000000000000000000e+00 1.483759999999999940e-02 5.784377742906890787e-03 9.999832703471230877e-01 0.000000000000000000e+00 7.849479999999999934e-05 0.000000000000000000e+00 0.000000000000000000e+00 1.000000000000000000e+00 0.000000000000000000e+00
9.999824821195502089e-01 -5.919075436539185213e-03 0.000000000000000000e+00 1.787499999999999853e-02 5.919075436539185213e-03 9.999824821195502089e-01 0.000000000000000000e+00 9.610970000000000580e-05 0.000000000000000000e+00 0.000000000000000000e+00 1.000000000000000000e+00 0.000000000000000000e+00
9.999816758087429758e-01 -6.053763022958484272e-03 0.000000000000000000e+00 2.083509999999999876e-02 6.053763022958484272e-03 9.999816758087429758e-01 0.000000000000000000e+00 1.136939999999999994e-04 0.000000000000000000e+00 0.000000000000000000e+00 1.000000000000000000e+00 0.000000000000000000e+00
9.999808404636503223e-01 -6.190210465842872767e-03 0.000000000000000000e+00 2.379770000000000149e-02 6.190210465842872767e-03 9.999808404636503223e-01 0.000000000000000000e+00 1.316939999999999897e-04 0.000000000000000000e+00 0.000000000000000000e+00 1.000000000000000000e+00 0.000000000000000000e+00
9.999800116724900656e-01 -6.322677873077825819e-03 0.000000000000000000e+00 2.724549999999999889e-02 6.322677873077825819e-03 9.999800116724900656e-01 0.000000000000000000e+00 1.527749999999999865e-04 0.000000000000000000e+00 0.000000000000000000e+00 1.000000000000000000e+00 0.000000000000000000e+00
9.999791557786695817e-01 -6.456625138518147164e-03 0.000000000000000000e+00 3.101289999999999950e-02 6.456625138518147164e-03 9.999791557786695817e-01 0.000000000000000000e+00 1.766899999999999905e-04 0.000000000000000000e+00 0.000000000000000000e+00 1.000000000000000000e+00 0.000000000000000000e+00
9.999782866875734921e-01 -6.589852303745103931e-03 0.000000000000000000e+00 3.494139999999999746e-02 6.589852303745103931e-03 9.999782866875734921e-01 0.000000000000000000e+00 2.020570000000000070e-04 0.000000000000000000e+00 0.000000000000000000e+00 1.000000000000000000e+00 0.000000000000000000e+00
9.999774006533922455e-01 -6.722959354712616624e-03 0.000000000000000000e+00 3.901160000000000044e-02 6.722959354712616624e-03 9.999774006533922455e-01 0.000000000000000000e+00 2.289100000000000021e-04 0.000000000000000000e+00 0.000000000000000000e+00 1.000000000000000000e+00 0.000000000000000000e+00
9.999765019745545658e-01 -6.855326303951324307e-03 0.000000000000000000e+00 4.308510000000000117e-02 6.855326303951324307e-03 9.999765019745545658e-01 0.000000000000000000e+00 2.562169999999999899e-04 0.000000000000000000e+00 0.000000000000000000e+00 1.000000000000000000e+00 0.000000000000000000e+00
9.999756001668379524e-01 -6.985633183350738011e-03 0.000000000000000000e+00 4.728140000000000120e-02 6.985633183350738011e-03 9.999756001668379524e-01 0.000000000000000000e+00 2.845599999999999996e-04 0.000000000000000000e+00 0.000000000000000000e+00 1.000000000000000000e+00 0.000000000000000000e+00
9.999748871079998658e-01 -7.086970674627680704e-03 0.000000000000000000e+00 5.165979999999999878e-02 7.086970674627680704e-03 9.999748871079998658e-01 0.000000000000000000e+00 3.092270000000000262e-04 0.000000000000000000e+00 0.000000000000000000e+00 1.000000000000000000e+00 0.000000000000000000e+00
9.999740230571044775e-01 -7.207857586649833552e-03 0.000000000000000000e+00 5.583649999999999725e-02 7.207857586649833552e-03 9.999740230571044775e-01 0.000000000000000000e+00 3.368019999999999781e-04 0.000000000000000000e+00 0.000000000000000000e+00 1.000000000000000000e+00 0.000000000000000000e+00
9.999729674790597267e-01 -7.352843743982745602e-03 0.000000000000000000e+00 6.001390000000000197e-02 7.352843743982745602e-03 9.999729674790597267e-01 0.000000000000000000e+00 3.696099999999999798e-04 0.000000000000000000e+00 0.000000000000000000e+00 1.000000000000000000e+00 0.000000000000000000e+00
9.999719571961162012e-01 -7.488979995215648382e-03 0.000000000000000000e+00 6.459180000000000477e-02 7.488979995215648382e-03 9.999719571961162012e-01 0.000000000000000000e+00 4.043030000000000083e-04 0.000000000000000000e+00 0.000000000000000000e+00 1.000000000000000000e+00 0.000000000000000000e+00
9.999709638255718236e-01 -7.620466242747665070e-03 0.000000000000000000e+00 6.941410000000000635e-02 7.620466242747665070e-03 9.999709638255718236e-01 0.000000000000000000e+00 4.406139999999999796e-04 0.000000000000000000e+00 0.000000000000000000e+00 1.000000000000000000e+00 0.000000000000000000e+00
9.999699610723806753e-01 -7.750932389168453847e-03 0.000000000000000000e+00 7.458850000000000202e-02 7.750932389168453847e-03 9.999699610723806753e-01 0.000000000000000000e+00 4.801429999999999869e-04 0.000000000000000000e+00 0.000000000000000000e+00 1.000000000000000000e+00 0.000000000000000000e+00
9.999689386963640514e-01 -7.881728393399808560e-03 0.000000000000000000e+00 8.028009999999999313e-02 7.881728393399808560e-03 9.999689386963640514e-01 0.000000000000000000e+00 5.243049999999999751e-04 0.000000000000000000e+00 0.000000000000000000e+00 1.000000000000000000e+00 0.000000000000000000e+00
9.999679093072256775e-01 -8.011264303226142691e-03 0.000000000000000000e+00 8.628719999999999446e-02 8.011264303226142691e-03 9.999679093072256775e-01 0.000000000000000000e+00 5.718039999999999755e-04 0.000000000000000000e+00 0.000000000000000000e+00 1.000000000000000000e+00 0.000000000000000000e+00
9.999668740457885452e-01 -8.139460123014648218e-03 0.000000000000000000e+00 9.315529999999999644e-02 8.139460123014648218e-03 9.999668740457885452e-01 0.000000000000000000e+00 6.269280000000000122e-04 0.000000000000000000e+00 0.000000000000000000e+00 1.000000000000000000e+00 0.000000000000000000e+00
9.999658335927429365e-01 -8.266295855503131770e-03 0.000000000000000000e+00 1.011849999999999972e-01 8.266295855503131770e-03 9.999658335927429365e-01 0.000000000000000000e+00 6.923230000000000052e-04 0.000000000000000000e+00 0.000000000000000000e+00 1.000000000000000000e+00 0.000000000000000000e+00
9.999647604315010652e-01 -8.395111385242369495e-03 0.000000000000000000e+00 1.096369999999999983e-01 8.395111385242369495e-03 9.999647604315010652e-01 0.000000000000000000e+00 7.621519999999999901e-04 0.000000000000000000e+00 0.000000000000000000e+00 1.000000000000000000e+00 0.000000000000000000e+00
9.999636443325440327e-01 -8.527016663369847010e-03 0.000000000000000000e+00 1.182060000000000055e-01 8.527016663369847010e-03 9.999636443325440327e-01 0.000000000000000000e+00 8.340459999999999628e-04 0.000000000000000000e+00 0.000000000000000000e+00 1.000000000000000000e+00 0.000000000000000000e+00
9.999625198387093183e-01 -8.657881832109170714e-03 0.000000000000000000e+00 1.270340000000000080e-01 8.657881832109170714e-03 9.999625198387093183e-01 0.000000000000000000e+00 9.092720000000000316e-04 0.000000000000000000e+00 0.000000000000000000e+00 1.000000000000000000e+00 0.000000000000000000e+00
9.999614071281250904e-01 -8.785456979583425308e-03 0.000000000000000000e+00 1.356020000000000003e-01 8.785456979583425308e-03 9.999614071281250904e-01 0.000000000000000000e+00 9.833610000000000875e-04 0.000000000000000000e+00 0.000000000000000000e+00 1.000000000000000000e+00 0.000000000000000000e+00
9.999603158346916931e-01 -8.908802152003552494e-03 0.000000000000000000e+00 1.441699999999999926e-01 8.908802152003552494e-03 9.999603158346916931e-01 0.000000000000000000e+00 1.058469999999999940e-03 0.000000000000000000e+00 0.000000000000000000e+00 1.000000000000000000e+00 0.000000000000000000e+00
9.999592324456598735e-01 -9.029587293268800247e-03 0.000000000000000000e+00 1.529890000000000139e-01 9.029587293268800247e-03 9.999592324456598735e-01 0.000000000000000000e+00 1.136529999999999962e-03 0.000000000000000000e+00 0.000000000000000000e+00 1.000000000000000000e+00 0.000000000000000000e+00
9.999581132354439239e-01 -9.152692205637684431e-03 0.000000000000000000e+00 1.615439999999999932e-01 9.152692205637684431e-03 9.999581132354439239e-01 0.000000000000000000e+00 1.213780000000000024e-03 0.000000000000000000e+00 0.000000000000000000e+00 1.000000000000000000e+00 0.000000000000000000e+00
9.999569853626035787e-01 -9.275097009400221429e-03 0.000000000000000000e+00 1.701120000000000132e-01 9.275097009400221429e-03 9.999569853626035787e-01 0.000000000000000000e+00 1.292030000000000001e-03 0.000000000000000000e+00 0.000000000000000000e+00 1.000000000000000000e+00 0.000000000000000000e+00
9.999558069764995505e-01 -9.401281507200303506e-03 0.000000000000000000e+00 1.789409999999999890e-01 9.401281507200303506e-03 9.999558069764995505e-01 0.000000000000000000e+00 1.373670000000000013e-03 0.000000000000000000e+00 0.000000000000000000e+00 1.000000000000000000e+00 0.000000000000000000e+00
9.999545850333273478e-01 -9.530365723631835720e-03 0.000000000000000000e+00 1.875080000000000080e-01 9.530365723631835720e-03 9.999545850333273478e-01 0.000000000000000000e+00 1.453979999999999899e-03 0.000000000000000000e+00 0.000000000000000000e+00 1.000000000000000000e+00 0.000000000000000000e+00
9.999533218884557595e-01 -9.661989662715940452e-03 0.000000000000000000e+00 1.960760000000000003e-01 9.661989662715940452e-03 9.999533218884557595e-01 0.000000000000000000e+00 1.535370000000000094e-03 0.000000000000000000e+00 0.000000000000000000e+00 1.000000000000000000e+00 0.000000000000000000e+00
9.999520430828359174e-01 -9.793443442544815664e-03 0.000000000000000000e+00 2.049030000000000018e-01 9.793443442544815664e-03 9.999520430828359174e-01 0.000000000000000000e+00 1.620389999999999981e-03 0.000000000000000000e+00 0.000000000000000000e+00 1.000000000000000000e+00 0.000000000000000000e+00
9.999507490805196186e-01 -9.924687063468943388e-03 0.000000000000000000e+00 2.134699999999999931e-01 9.924687063468943388e-03 9.999507490805196186e-01 0.000000000000000000e+00 1.704009999999999943e-03 0.000000000000000000e+00 0.000000000000000000e+00 1.000000000000000000e+00 0.000000000000000000e+00
9.999494378524892424e-01 -1.005593051342482634e-02 0.000000000000000000e+00 2.220360000000000111e-01 1.005593051342482634e-02 9.999494378524892424e-01 0.000000000000000000e+00 1.788740000000000035e-03 0.000000000000000000e+00 0.000000000000000000e+00 1.000000000000000000e+00 0.000000000000000000e+00
9.999481150015616659e-01 -1.018662381868988553e-02 0.000000000000000000e+00 2.308630000000000126e-01 1.018662381868988553e-02 9.999481150015616659e-01 0.000000000000000000e+00 1.877170000000000054e-03 0.000000000000000000e+00 0.000000000000000000e+00 1.000000000000000000e+00 0.000000000000000000e+00
9.999468204555457262e-01 -1.031291718403188652e-02 0.000000000000000000e+00 2.394300000000000039e-01 1.031291718403188652e-02 9.999468204555457262e-01 0.000000000000000000e+00 1.963980000000000153e-03 0.000000000000000000e+00 0.000000000000000000e+00 1.000000000000000000e+00 0.000000000000000000e+00
9.999455934403728152e-01 -1.043121082045178789e-02 0.000000000000000000e+00 2.479959999999999942e-01 1.043121082045178789e-02 9.999455934403728152e-01 0.000000000000000000e+00 2.051809999999999832e-03 0.000000000000000000e+00 0.000000000000000000e+00 1.000000000000000000e+00 0.000000000000000000e+00
9.999443798564027208e-01 -1.054690445553606824e-02 0.000000000000000000e+00 2.568130000000000135e-01 1.054690445553606824e-02 9.999443798564027208e-01 0.000000000000000000e+00 2.142900000000000100e-03 0.000000000000000000e+00 0.000000000000000000e+00 1.000000000000000000e+00 0.000000000000000000e+00
9.999431315594914382e-01 -1.066459783571876291e-02 0.000000000000000000e+00 2.653670000000000195e-01 1.066459783571876291e-02 9.999431315594914382e-01 0.000000000000000000e+00 2.232710000000000163e-03 0.000000000000000000e+00 0.000000000000000000e+00 1.000000000000000000e+00 0.000000000000000000e+00
9.999418413727414467e-01 -1.078489091698571142e-02 0.000000000000000000e+00 2.739329999999999821e-01 1.078489091698571142e-02 9.999418413727414467e-01 0.000000000000000000e+00 2.323500000000000044e-03 0.000000000000000000e+00 0.000000000000000000e+00 1.000000000000000000e+00 0.000000000000000000e+00
9.999404374361675618e-01 -1.091428330060519730e-02 0.000000000000000000e+00 2.827600000000000113e-01 1.091428330060519730e-02 9.999404374361675618e-01 0.000000000000000000e+00 2.418040000000000207e-03 0.000000000000000000e+00 0.000000000000000000e+00 1.000000000000000000e+00 0.000000000000000000e+00
9.999390134430834465e-01 -1.104397548317652411e-02 0.000000000000000000e+00 2.913259999999999739e-01 1.104397548317652411e-02 9.999390134430834465e-01 0.000000000000000000e+00 2.510839999999999860e-03 0.000000000000000000e+00 0.000000000000000000e+00 1.000000000000000000e+00 0.000000000000000000e+00
9.999375748636487593e-01 -1.117346749245035249e-02 0.000000000000000000e+00 2.998919999999999919e-01 1.117346749245035249e-02 9.999375748636487593e-01 0.000000000000000000e+00 2.604710000000000098e-03 0.000000000000000000e+00 0.000000000000000000e+00 1.000000000000000000e+00 0.000000000000000000e+00
9.999361217755828868e-01 -1.130275932711821002e-02 0.000000000000000000e+00 3.087170000000000192e-01 1.130275932711821002e-02 9.999361217755828868e-01 0.000000000000000000e+00 2.702550000000000178e-03 0.000000000000000000e+00 0.000000000000000000e+00 1.000000000000000000e+00 0.000000000000000000e+00
9.999346531132949911e-01 -1.143195097935574382e-02 0.000000000000000000e+00 3.172820000000000085e-01 1.143195097935574382e-02 9.999346531132949911e-01 0.000000000000000000e+00 2.798569999999999790e-03 0.000000000000000000e+00 0.000000000000000000e+00 1.000000000000000000e+00 0.000000000000000000e+00
9.999331804761096842e-01 -1.156004251427230657e-02 0.000000000000000000e+00 3.258469999999999978e-01 1.156004251427230657e-02 9.999331804761096842e-01 0.000000000000000000e+00 2.895669999999999928e-03 0.000000000000000000e+00 0.000000000000000000e+00 1.000000000000000000e+00 0.000000000000000000e+00
9.999317042867532646e-01 -1.168703393462543379e-02 0.000000000000000000e+00 3.346709999999999963e-01 1.168703393462543379e-02 9.999317042867532646e-01 0.000000000000000000e+00 2.996770000000000163e-03 0.000000000000000000e+00 0.000000000000000000e+00 1.000000000000000000e+00 0.000000000000000000e+00
9.999302462259666013e-01 -1.181112536881400756e-02 0.000000000000000000e+00 3.432359999999999856e-01 1.181112536881400756e-02 9.999302462259666013e-01 0.000000000000000000e+00 3.095849999999999817e-03 0.000000000000000000e+00 0.000000000000000000e+00 1.000000000000000000e+00 0.000000000000000000e+00
9.999288944526374401e-01 -1.192501734699878344e-02 0.000000000000000000e+00 3.518009999999999748e-01 1.192501734699878344e-02 9.999288944526374401e-01 0.000000000000000000e+00 3.195749999999999806e-03 0.000000000000000000e+00 0.000000000000000000e+00 1.000000000000000000e+00 0.000000000000000000e+00
9.999275742441402492e-01 -1.203520943853548901e-02 0.000000000000000000e+00 3.606139999999999901e-01 1.203520943853548901e-02 9.999275742441402492e-01 0.000000000000000000e+00 3.299330000000000058e-03 0.000000000000000000e+00 0.000000000000000000e+00 1.000000000000000000e+00 0.000000000000000000e+00
9.999262188144151242e-01 -1.214730124375380457e-02 0.000000000000000000e+00 3.691670000000000229e-01 1.214730124375380457e-02 9.999262188144151242e-01 0.000000000000000000e+00 3.401159999999999860e-03 0.000000000000000000e+00 0.000000000000000000e+00 1.000000000000000000e+00 0.000000000000000000e+00
9.999247612989959899e-01 -1.226669234740841545e-02 0.000000000000000000e+00 3.777320000000000122e-01 1.226669234740841545e-02 9.999247612989959899e-01 0.000000000000000000e+00 3.503909999999999837e-03 0.000000000000000000e+00 0.000000000000000000e+00 1.000000000000000000e+00 0.000000000000000000e+00
9.999232003225718701e-01 -1.239328272354813833e-02 0.000000000000000000e+00 3.865560000000000107e-01 1.239328272354813833e-02 9.999232003225718701e-01 0.000000000000000000e+00 3.610760000000000185e-03 0.000000000000000000e+00 0.000000000000000000e+00 1.000000000000000000e+00 0.000000000000000000e+00
9.999216245718010043e-01 -1.251977290889138422e-02 0.000000000000000000e+00 3.951200000000000268e-01 1.251977290889138422e-02 9.999216245718010043e-01 0.000000000000000000e+00 3.715430000000000035e-03 0.000000000000000000e+00 0.000000000000000000e+00 1.000000000000000000e+00 0.000000000000000000e+00
9.999200366138681906e-01 -1.264596291787968042e-02 0.000000000000000000e+00 4.036839999999999873e-01 1.264596291787968042e-02 9.999200366138681906e-01 0.000000000000000000e+00 3.821109999999999958e-03 0.000000000000000000e+00 0.000000000000000000e+00 1.000000000000000000e+00 0.000000000000000000e+00
9.999184352851795410e-01 -1.277195274177600655e-02 0.000000000000000000e+00 4.125070000000000126e-01 1.277195274177600655e-02 9.999184352851795410e-01 0.000000000000000000e+00 3.931079999999999991e-03 0.000000000000000000e+00 0.000000000000000000e+00 1.000000000000000000e+00 0.000000000000000000e+00
9.999168258203712245e-01 -1.289734241281163818e-02 0.000000000000000000e+00 4.210699999999999998e-01 1.289734241281163818e-02 9.999168258203712245e-01 0.000000000000000000e+00 4.038830000000000198e-03 0.000000000000000000e+00 0.000000000000000000e+00 1.000000000000000000e+00 0.000000000000000000e+00
9.999152123517646151e-01 -1.302183195734865455e-02 0.000000000000000000e+00 4.296320000000000139e-01 1.302183195734865455e-02 9.999152123517646151e-01 0.000000000000000000e+00 4.147510000000000085e-03 0.000000000000000000e+00 0.000000000000000000e+00 1.000000000000000000e+00 0.000000000000000000e+00
9.999135978445707895e-01 -1.314522139509434646e-02 0.000000000000000000e+00 4.384540000000000104e-01 1.314522139509434646e-02 9.999135978445707895e-01 0.000000000000000000e+00 4.260540000000000160e-03 0.000000000000000000e+00 0.000000000000000000e+00 1.000000000000000000e+00 0.000000000000000000e+00
9.965257846282622456e-01 -8.328481596921706587e-02 0.000000000000000000e+00 5.421820000000000528e-01 8.328481596921706587e-02 9.965257846282622456e-01 0.000000000000000000e+00 7.597300000000000407e-03 0.000000000000000000e+00 0.000000000000000000e+00 1.000000000000000000e+00 0.000000000000000000e+00
9.931689063532543882e-01 -1.166855751714009765e-01 0.000000000000000000e+00 5.591620000000000479e-01 1.166855751714009765e-01 9.931689063532543882e-01 0.000000000000000000e+00 9.303779999999999342e-03 0.000000000000000000e+00 0.000000000000000000e+00 1.000000000000000000e+00 0.000000000000000000e+00
9.905824450578151197e-01 -1.369175647726788014e-01 0.000000000000000000e+00 5.678670000000000107e-01 1.369175647726788014e-01 9.905824450578151197e-01 0.000000000000000000e+00 1.041399999999999965e-02 0.000000000000000000e+00 0.000000000000000000e+00 1.000000000000000000e+00 0.000000000000000000e+00
9.871395090482840695e-01 -1.598611574958494208e-01 0.000000000000000000e+00 5.763310000000000377e-01 1.598611574958494208e-01 9.871395090482840695e-01 0.000000000000000000e+00 1.168499999999999921e-02 0.000000000000000000e+00 0.000000000000000000e+00 1.000000000000000000e+00 0.000000000000000000e+00
9.828887597110236296e-01 -1.842001249557819187e-01 0.000000000000000000e+00 5.847750000000000448e-01 1.842001249557819187e-01 9.828887597110236296e-01 0.000000000000000000e+00 1.316089999999999968e-02 0.000000000000000000e+00 0.000000000000000000e+00 1.000000000000000000e+00 0.000000000000000000e+00
9.775756226229141976e-01 -2.105846671850105933e-01 0.000000000000000000e+00 5.934549999999999548e-01 2.105846671850105933e-01 9.775756226229141976e-01 0.000000000000000000e+00 1.491020000000000019e-02 0.000000000000000000e+00 0.000000000000000000e+00 1.000000000000000000e+00 0.000000000000000000e+00
9.719011909364085877e-01 -2.353891991073306933e-01 0.000000000000000000e+00 6.017540000000000111e-01 2.353891991073306933e-01 9.719011909364085877e-01 0.000000000000000000e+00 1.681150000000000005e-02 0.000000000000000000e+00 0.000000000000000000e+00 1.000000000000000000e+00 0.000000000000000000e+00
9.649915942901666766e-01 -2.622808093424342513e-01 0.000000000000000000e+00 6.101379999999999582e-01 2.622808093424342513e-01 9.649915942901666766e-01 0.000000000000000000e+00 1.896439999999999931e-02 0.000000000000000000e+00 0.000000000000000000e+00 1.000000000000000000e+00 0.000000000000000000e+00
9.562912979105600009e-01 -2.924157204059598669e-01 0.000000000000000000e+00 6.187169999999999614e-01 2.924157204059598669e-01 9.562912979105600009e-01 0.000000000000000000e+00 2.144039999999999835e-02 0.000000000000000000e+00 0.000000000000000000e+00 1.000000000000000000e+00 0.000000000000000000e+00
9.467065760012715048e-01 -3.220972818201805477e-01 0.000000000000000000e+00 6.268439999999999568e-01 3.220972818201805477e-01 9.467065760012715048e-01 0.000000000000000000e+00 2.405730000000000021e-02 0.000000000000000000e+00 0.000000000000000000e+00 1.000000000000000000e+00 0.000000000000000000e+00
9.359140839918143051e-01 -3.522283739078428955e-01 0.000000000000000000e+00 6.347699999999999454e-01 3.522283739078428955e-01 9.359140839918143051e-01 0.000000000000000000e+00 2.690019999999999911e-02 0.000000000000000000e+00 0.000000000000000000e+00 1.000000000000000000e+00 0.000000000000000000e+00
9.234818408087145380e-01 -3.836421375403749612e-01 0.000000000000000000e+00 6.427190000000000403e-01 3.836421375403749612e-01 9.234818408087145380e-01 0.000000000000000000e+00 3.005199999999999885e-02 0.000000000000000000e+00 0.000000000000000000e+00 1.000000000000000000e+00 0.000000000000000000e+00
9.103877842631703521e-01 -4.137560661360690228e-01 0.000000000000000000e+00 6.503200000000000092e-01 4.137560661360690228e-01 9.103877842631703521e-01 0.000000000000000000e+00 3.336349999999999733e-02 0.000000000000000000e+00 0.000000000000000000e+00 1.000000000000000000e+00 0.000000000000000000e+00
8.962810119627467875e-01 -4.434865810766258076e-01 0.000000000000000000e+00 6.577990000000000226e-01 4.434865810766258076e-01 8.962810119627467875e-01 0.000000000000000000e+00 3.691919999999999924e-02 0.000000000000000000e+00 0.000000000000000000e+00 1.000000000000000000e+00 0.000000000000000000e+00
7.482447227770757658e-01 -6.634228175426716279e-01 0.000000000000000000e+00 7.132380000000000386e-01 6.634228175426716279e-01 7.482447227770757658e-01 0.000000000000000000e+00 7.425950000000000606e-02 0.000000000000000000e+00 0.000000000000000000e+00 1.000000000000000000e+00 0.000000000000000000e+00
2.766308131554860994e-01 -9.609762708896274486e-01 0.000000000000000000e+00 7.885569999999999524e-01 9.609762708896274486e-01 2.766308131554860994e-01 0.000000000000000000e+00 1.928239999999999954e-01 0.000000000000000000e+00 0.000000000000000000e+00 1.000000000000000000e+00 0.000000000000000000e+00
-1.024336884164593481e-01 -9.947398350711605941e-01 0.000000000000000000e+00 7.976799999999999446e-01 9.947398350711605941e-01 -1.024336884164593481e-01 0.000000000000000000e+00 3.269679999999999809e-01 0.000000000000000000e+00 0.000000000000000000e+00 1.000000000000000000e+00 0.000000000000000000e+00
-1.180576982232670186e-01 -9.930067370819918304e-01 0.000000000000000000e+00 7.967349999999999710e-01 9.930067370819918304e-01 -1.180576982232670186e-01 0.000000000000000000e+00 3.352809999999999957e-01 0.000000000000000000e+00 0.000000000000000000e+00 1.000000000000000000e+00 0.000000000000000000e+00
-1.322649643196615321e-01 -9.912143961896027200e-01 0.000000000000000000e+00 7.956199999999999939e-01 9.912143961896027200e-01 -1.322649643196615321e-01 0.000000000000000000e+00 3.439429999999999987e-01 0.000000000000000000e+00 0.000000000000000000e+00 1.000000000000000000e+00 0.000000000000000000e+00
-1.452183647263986521e-01 -9.893996293440737722e-01 0.000000000000000000e+00 7.944259999999999655e-01 9.893996293440737722e-01 -1.452183647263986521e-01 0.000000000000000000e+00 3.523129999999999873e-01 0.000000000000000000e+00 0.000000000000000000e+00 1.000000000000000000e+00 0.000000000000000000e+00
-1.699448188826855888e-01 -9.854535801015343877e-01 0.000000000000000000e+00 7.916879999999999473e-01 9.854535801015343877e-01 -1.699448188826855888e-01 0.000000000000000000e+00 3.692920000000000091e-01 0.000000000000000000e+00 0.000000000000000000e+00 1.000000000000000000e+00 0.000000000000000000e+00
-1.813250535056586954e-01 -9.834232176286921145e-01 0.000000000000000000e+00 7.901780000000000470e-01 9.834232176286921145e-01 -1.813250535056586954e-01 0.000000000000000000e+00 3.776370000000000005e-01 0.000000000000000000e+00 0.000000000000000000e+00 1.000000000000000000e+00 0.000000000000000000e+00
-2.011518588872381330e-01 -9.795600694527154539e-01 0.000000000000000000e+00 7.868589999999999751e-01 9.795600694527154539e-01 -2.011518588872381330e-01 0.000000000000000000e+00 3.945520000000000138e-01 0.000000000000000000e+00 0.000000000000000000e+00 1.000000000000000000e+00 0.000000000000000000e+00
-2.109079137303175033e-01 -9.775059344709499110e-01 0.000000000000000000e+00 7.850899999999999546e-01 9.775059344709499110e-01 -2.109079137303175033e-01 0.000000000000000000e+00 4.028539999999999899e-01 0.000000000000000000e+00 0.000000000000000000e+00 1.000000000000000000e+00 0.000000000000000000e+00
-2.305313183761077134e-01 -9.730649059789246991e-01 0.000000000000000000e+00 7.812639999999999585e-01 9.730649059789246991e-01 -2.305313183761077134e-01 0.000000000000000000e+00 4.196599999999999775e-01 0.000000000000000000e+00 0.000000000000000000e+00 1.000000000000000000e+00 0.000000000000000000e+00
-2.402114501580341344e-01 -9.707205876115816423e-01 0.000000000000000000e+00 7.792449999999999655e-01 9.707205876115816423e-01 -2.402114501580341344e-01 0.000000000000000000e+00 4.279049999999999798e-01 0.000000000000000000e+00 0.000000000000000000e+00 1.000000000000000000e+00 0.000000000000000000e+00
