9.999999955248753958e-01 9.460575670790055648e-05 0.000000000000000000e+00 -1.156584619669999962e-05 -9.460575670790055648e-05 9.999999955248753958e-01 0.000000000000000000e+00 -2.439287635380000180e-07 0.000000000000000000e+00 0.000000000000000000e+00 1.000000000000000000e+00 0.000000000000000000e+00
9.999999955083478387e-01 9.478029443668528956e-05 0.000000000000000000e+00 -1.157527513249999926e-05 -9.478029443668528956e-05 9.999999955083478387e-01 0.000000000000000000e+00 -2.394185707879999488e-07 0.000000000000000000e+00 0.000000000000000000e+00 1.000000000000000000e+00 0.000000000000000000e+00
9.999999954898943777e-01 9.497479230816115268e-05 0.000000000000000000e+00 -1.158578241360000060e-05 -9.497479230816115268e-05 9.999999954898943777e-01 0.000000000000000000e+00 -2.414775614079998979e-07 0.000000000000000000e+00 0.000000000000000000e+00 1.000000000000000000e+00 0.000000000000000000e+00
9.999999954670742985e-01 9.521476414246860735e-05 0.000000000000000000e+00 -1.159874654330000252e-05 -9.521476414246860735e-05 9.999999954670742985e-01 0.000000000000000000e+00 -2.563655652129998989e-07 0.000000000000000000e+00 0.000000000000000000e+00 1.000000000000000000e+00 0.000000000000000000e+00
9.999999954489845466e-01 9.540456386860943455e-05 0.000000000000000000e+00 -1.160899998420000151e-05 -9.540456386860943455e-05 9.999999954489845466e-01 0.000000000000000000e+00 -2.543894547459999375e-07 0.000000000000000000e+00 0.000000000000000000e+00 1.000000000000000000e+00 0.000000000000000000e+00
9.999999985199350405e-01 -5.440707529622919498e-05 0.000000000000000000e+00 -1.161917576580000286e-05 5.440707529622919498e-05 9.999999985199350405e-01 0.000000000000000000e+00 -2.564472802799999524e-07 0.000000000000000000e+00 0.000000000000000000e+00 1.000000000000000000e+00 0.000000000000000000e+00
9.999999791246656500e-01 -2.043298025212736391e-04 0.000000000000000000e+00 -1.162335217653910652e-05 2.043298025212736391e-04 9.999999791246656500e-01 0.000000000000000000e+00 -2.415266660927515326e-07 0.000000000000000000e+00 0.000000000000000000e+00 1.000000000000000000e+00 0.000000000000000000e+00
9.999999373076352560e-01 -3.540970567258183732e-04 0.000000000000000000e+00 -1.163592304318293000e-05 3.540970567258183732e-04 9.999999373076352560e-01 0.000000000000000000e+00 -2.496540724444214219e-07 0.000000000000000000e+00 0.000000000000000000e+00 1.000000000000000000e+00 0.000000000000000000e+00
9.999998730589934048e-01 -5.038670430884883630e-04 0.000000000000000000e+00 -1.164834363622355087e-05 5.038670430884883630e-04 9.999998730589934048e-01 0.000000000000000000e+00 -2.603745549485498962e-07 0.000000000000000000e+00 0.000000000000000000e+00 1.000000000000000000e+00 0.000000000000000000e+00
9.999997863229873607e-01 -6.537231674914310321e-04 0.000000000000000000e+00 -1.165611963770415719e-05 6.537231674914310321e-04 9.999997863229873607e-01 0.000000000000000000e+00 -2.520014195679940288e-07 0.000000000000000000e+00 0.000000000000000000e+00 1.000000000000000000e+00 0.000000000000000000e+00
9.999996771960261155e-01 -8.034972579861571988e-04 0.000000000000000000e+00 -1.166831368687119079e-05 8.034972579861571988e-04 9.999996771960261155e-01 0.000000000000000000e+00 -2.631064373312979558e-07 0.000000000000000000e+00 0.000000000000000000e+00 1.000000000000000000e+00 0.000000000000000000e+00
9.999995455654520082e-01 -9.533461540097198971e-04 0.000000000000000000e+00 -1.167647415387499994e-05 9.533461540097198971e-04 9.999995455654520082e-01 0.000000000000000000e+00 -2.625046607828904686e-07 0.000000000000000000e+00 0.000000000000000000e+00 1.000000000000000000e+00 0.000000000000000000e+00
9.999993915300438019e-01 -1.103149827606025478e-03 0.000000000000000000e+00 -1.168707686254275713e-05 1.103149827606025478e-03 9.999993915300438019e-01 0.000000000000000000e+00 -2.617065434809838329e-07 0.000000000000000000e+00 0.000000000000000000e+00 1.000000000000000000e+00 0.000000000000000000e+00
9.999992151407268715e-01 -1.252883845482923898e-03 0.000000000000000000e+00 -1.170145747281235839e-05 1.252883845482923898e-03 9.999992151407268715e-01 0.000000000000000000e+00 -2.472132770310152004e-07 0.000000000000000000e+00 0.000000000000000000e+00 1.000000000000000000e+00 0.000000000000000000e+00
9.999990162862143483e-01 -1.402649850696068880e-03 0.000000000000000000e+00 -1.171407102878020855e-05 1.402649850696068880e-03 9.999990162862143483e-01 0.000000000000000000e+00 -2.625393752053043517e-07 0.000000000000000000e+00 0.000000000000000000e+00 1.000000000000000000e+00 0.000000000000000000e+00
9.999987950242296142e-01 -1.552401394217272019e-03 0.000000000000000000e+00 -1.172747120313652878e-05 1.552401394217272019e-03 9.999987950242296142e-01 0.000000000000000000e+00 -2.714937244799422753e-07 0.000000000000000000e+00 0.000000000000000000e+00 1.000000000000000000e+00 0.000000000000000000e+00
9.999985511362384782e-01 -1.702270667039233396e-03 0.000000000000000000e+00 -1.173453738398743355e-05 1.702270667039233396e-03 9.999985511362384782e-01 0.000000000000000000e+00 -2.626018828270391911e-07 0.000000000000000000e+00 0.000000000000000000e+00 1.000000000000000000e+00 0.000000000000000000e+00
9.999982850328145156e-01 -1.852007405472664040e-03 0.000000000000000000e+00 -1.174878933988998306e-05 1.852007405472664040e-03 9.999982850328145156e-01 0.000000000000000000e+00 -2.388448064513575499e-07 0.000000000000000000e+00 0.000000000000000000e+00 1.000000000000000000e+00 0.000000000000000000e+00
9.999979963891948431e-01 -2.001803585747563216e-03 0.000000000000000000e+00 -1.175976043947613904e-05 2.001803585747563216e-03 9.999979963891948431e-01 0.000000000000000000e+00 -2.516180312850783387e-07 0.000000000000000000e+00 0.000000000000000000e+00 1.000000000000000000e+00 0.000000000000000000e+00
9.999976853518686148e-01 -2.151578700694808076e-03 0.000000000000000000e+00 -1.177186748970053608e-05 2.151578700694808076e-03 9.999976853518686148e-01 0.000000000000000000e+00 -2.634140740681270809e-07 0.000000000000000000e+00 0.000000000000000000e+00 1.000000000000000000e+00 0.000000000000000000e+00
9.999973515789941647e-01 -2.301485389402156169e-03 0.000000000000000000e+00 -1.177691455647081789e-05 2.301485389402156169e-03 9.999973515789941647e-01 0.000000000000000000e+00 -2.516803775458718971e-07 0.000000000000000000e+00 0.000000000000000000e+00 1.000000000000000000e+00 0.000000000000000000e+00
9.999969958561991668e-01 -2.451179017686339317e-03 0.000000000000000000e+00 -1.179339513928869919e-05 2.451179017686339317e-03 9.999969958561991668e-01 0.000000000000000000e+00 -2.717240410273867407e-07 0.000000000000000000e+00 0.000000000000000000e+00 1.000000000000000000e+00 0.000000000000000000e+00
9.999966171189584863e-01 -2.601105657044303337e-03 0.000000000000000000e+00 -1.179738310913216376e-05 2.601105657044303337e-03 9.999966171189584863e-01 0.000000000000000000e+00 -2.517614007329674891e-07 0.000000000000000000e+00 0.000000000000000000e+00 1.000000000000000000e+00 0.000000000000000000e+00
9.999962165852280815e-01 -2.750784475291394825e-03 0.000000000000000000e+00 -1.181473969465439895e-05 2.750784475291394825e-03 9.999962165852280815e-01 0.000000000000000000e+00 -2.390938455197285939e-07 0.000000000000000000e+00 0.000000000000000000e+00 1.000000000000000000e+00 0.000000000000000000e+00
9.999957935294444544e-01 -2.900503993550300214e-03 0.000000000000000000e+00 -1.182979203574396833e-05 2.900503993550300214e-03 9.999957935294444544e-01 0.000000000000000000e+00 -2.630463487207968778e-07 0.000000000000000000e+00 0.000000000000000000e+00 1.000000000000000000e+00 0.000000000000000000e+00
9.999953474957744559e-01 -3.050407645760994362e-03 0.000000000000000000e+00 -1.183499438652146561e-05 3.050407645760994362e-03 9.999953474957744559e-01 0.000000000000000000e+00 -2.519193763853808350e-07 0.000000000000000000e+00 0.000000000000000000e+00 1.000000000000000000e+00 0.000000000000000000e+00
9.999948794758952708e-01 -3.200159681906547017e-03 0.000000000000000000e+00 -1.184833920546122590e-05 3.200159681906547017e-03 9.999948794758952708e-01 0.000000000000000000e+00 -2.556509594358249485e-07 0.000000000000000000e+00 0.000000000000000000e+00 1.000000000000000000e+00 0.000000000000000000e+00
9.999943886160223006e-01 -3.350035293498040447e-03 0.000000000000000000e+00 -1.185502726251971316e-05 3.350035293498040447e-03 9.999943886160223006e-01 0.000000000000000000e+00 -2.521047281358479242e-07 0.000000000000000000e+00 0.000000000000000000e+00 1.000000000000000000e+00 0.000000000000000000e+00
9.999938756876348700e-01 -3.499798168888326212e-03 0.000000000000000000e+00 -1.186773567861888117e-05 3.499798168888326212e-03 9.999938756876348700e-01 0.000000000000000000e+00 -2.679903630457054738e-07 0.000000000000000000e+00 0.000000000000000000e+00 1.000000000000000000e+00 0.000000000000000000e+00
9.999933399743412554e-01 -3.649658471912007804e-03 0.000000000000000000e+00 -1.187524793300945919e-05 3.649658471912007804e-03 9.999933399743412554e-01 0.000000000000000000e+00 -2.632447385664829312e-07 0.000000000000000000e+00 0.000000000000000000e+00 1.000000000000000000e+00 0.000000000000000000e+00
9.999927824965072487e-01 -3.799336112143983282e-03 0.000000000000000000e+00 -1.189264777553435290e-05 3.799336112143983282e-03 9.999927824965072487e-01 0.000000000000000000e+00 -2.523119176377159981e-07 0.000000000000000000e+00 0.000000000000000000e+00 1.000000000000000000e+00 0.000000000000000000e+00
9.999922019511847671e-01 -3.949181791315402486e-03 0.000000000000000000e+00 -1.190092429383907569e-05 3.949181791315402486e-03 9.999922019511847671e-01 0.000000000000000000e+00 -2.522472862227573838e-07 0.000000000000000000e+00 0.000000000000000000e+00 1.000000000000000000e+00 0.000000000000000000e+00
9.999915990338781313e-01 -4.099007400282253522e-03 0.000000000000000000e+00 -1.191032250220918730e-05 4.099007400282253522e-03 9.999915990338781313e-01 0.000000000000000000e+00 -2.417591110915736519e-07 0.000000000000000000e+00 0.000000000000000000e+00 1.000000000000000000e+00 0.000000000000000000e+00
9.999909741583552503e-01 -4.248717668162635408e-03 0.000000000000000000e+00 -1.192579269383511084e-05 4.248717668162635408e-03 9.999909741583552503e-01 0.000000000000000000e+00 -2.684863613283773877e-07 0.000000000000000000e+00 0.000000000000000000e+00 1.000000000000000000e+00 0.000000000000000000e+00
9.999903270696716140e-01 -4.398382326634626624e-03 0.000000000000000000e+00 -1.194385838650670330e-05 4.398382326634626624e-03 9.999903270696716140e-01 0.000000000000000000e+00 -2.628032059739903515e-07 0.000000000000000000e+00 0.000000000000000000e+00 1.000000000000000000e+00 0.000000000000000000e+00
9.999896548747827518e-01 -4.548641930613121255e-03 0.000000000000000000e+00 1.402940300257069189e-04 4.548641930613121255e-03 9.999896548747827518e-01 0.000000000000000000e+00 4.724051210131306149e-07 0.000000000000000000e+00 0.000000000000000000e+00 1.000000000000000000e+00 0.000000000000000000e+00
9.999889616642776424e-01 -4.698568888483912499e-03 0.000000000000000000e+00 4.673653878559275187e-04 4.698568888483912499e-03 9.999889616642776424e-01 0.000000000000000000e+00 1.972036466210912329e-06 0.000000000000000000e+00 0.000000000000000000e+00 1.000000000000000000e+00 0.000000000000000000e+00
9.999882462136796546e-01 -4.848446605794418281e-03 0.000000000000000000e+00 7.960105717279637901e-04 4.848446605794418281e-03 9.999882462136796546e-01 0.000000000000000000e+00 3.526395604305526862e-06 0.000000000000000000e+00 0.000000000000000000e+00 1.000000000000000000e+00 0.000000000000000000e+00
9.999875086143379388e-01 -4.998261226601759429e-03 0.000000000000000000e+00 1.124648981848680278e-03 4.998261226601759429e-03 9.999875086143379388e-01 0.000000000000000000e+00 5.117925413652295328e-06 0.000000000000000000e+00 0.000000000000000000e+00 1.000000000000000000e+00 0.000000000000000000e+00
9.999867458983237034e-01 -5.148594728796503442e-03 0.000000000000000000e+00 1.621703347651248664e-03 5.148594728796503442e-03 9.999867458983237034e-01 0.000000000000000000e+00 7.717331867946905201e-06 0.000000000000000000e+00 0.000000000000000000e+00 1.000000000000000000e+00 0.000000000000000000e+00
9.999859637956601821e-01 -5.298321589395455986e-03 0.000000000000000000e+00 2.129208983844613472e-03 5.298321589395455986e-03 9.999859637956601821e-01 0.000000000000000000e+00 1.032970817700966960e-05 0.000000000000000000e+00 0.000000000000000000e+00 1.000000000000000000e+00 0.000000000000000000e+00
9.999851622417217367e-01 -5.447503684947189485e-03 0.000000000000000000e+00 3.126301016848343200e-03 5.447503684947189485e-03 9.999851622417217367e-01 0.000000000000000000e+00 1.555806558415240987e-05 0.000000000000000000e+00 0.000000000000000000e+00 1.000000000000000000e+00 0.000000000000000000e+00
9.999843374024056653e-01 -5.596869649345257228e-03 0.000000000000000000e+00 4.774801328343607904e-03 5.596869649345257228e-03 9.999843374024056653e-01 0.000000000000000000e+00 2.458603355086218012e-05 0.000000000000000000e+00 0.000000000000000000e+00 1.000000000000000000e+00 0.000000000000000000e+00
9.999834919144022782e-01 -5.745946282246451077e-03 0.000000000000000000e+00 6.576819397994444934e-03 5.745946282246451077e-03 9.999834919144022782e-01 0.000000000000000000e+00 3.468081337997989895e-05 0.000000000000000000e+00 0.000000000000000000e+00 1.000000000000000000e+00 0.000000000000000000e+00
9.999826248953671559e-01 -5.894905204611169784e-03 0.000000000000000000e+00 8.543755279386781171e-03 5.894905204611169784e-03 9.999826248953671559e-01 0.000000000000000000e+00 4.598810749443337219e-05 0.000000000000000000e+00 0.000000000000000000e+00 1.000000000000000000e+00 0.000000000000000000e+00
9.999817306148137686e-01 -6.044703185595861825e-03 0.000000000000000000e+00 1.029354611059936885e-02 6.044703185595861825e-03 9.999817306148137686e-01 0.000000000000000000e+00 5.633690756787284812e-05 0.000000000000000000e+00 0.000000000000000000e+00 1.000000000000000000e+00 0.000000000000000000e+00
9.999808248314376868e-01 -6.192735214558869362e-03 0.000000000000000000e+00 1.242566190510665906e-02 6.192735214558869362e-03 9.999808248314376868e-01 0.000000000000000000e+00 6.907224645652908636e-05 0.000000000000000000e+00 0.000000000000000000e+00 1.000000000000000000e+00 0.000000000000000000e+00
9.999798932035652843e-01 -6.341386960769380791e-03 0.000000000000000000e+00 1.517653386474001123e-02 6.341386960769380791e-03 9.999798932035652843e-01 0.000000000000000000e+00 8.614465147372021945e-05 0.000000000000000000e+00 0.000000000000000000e+00 1.000000000000000000e+00 0.000000000000000000e+00
9.999789417531718128e-01 -6.489687989920146782e-03 0.000000000000000000e+00 1.822221866175679703e-02 6.489687989920146782e-03 9.999789417531718128e-01 0.000000000000000000e+00 1.054639504609372662e-04 0.000000000000000000e+00 0.000000000000000000e+00 1.000000000000000000e+00 0.000000000000000000e+00
9.999779675814268742e-01 -6.638098501740855722e-03 0.000000000000000000e+00 2.119069629967464119e-02 6.638098501740855722e-03 9.999779675814268742e-01 0.000000000000000000e+00 1.247516041884936275e-04 0.000000000000000000e+00 0.000000000000000000e+00 1.000000000000000000e+00 0.000000000000000000e+00
9.999769587063841447e-01 -6.788376560740984507e-03 0.000000000000000000e+00 2.416164798831577781e-02 6.788376560740984507e-03 9.999769587063841447e-01 0.000000000000000000e+00 1.445000497136300654e-04 0.000000000000000000e+00 0.000000000000000000e+00 1.000000000000000000e+00 0.000000000000000000e+00
9.999759539945726194e-01 -6.934798673676376667e-03 0.000000000000000000e+00 2.761797644163873494e-02 6.934798673676376667e-03 9.999759539945726194e-01 0.000000000000000000e+00 1.676627624129998204e-04 0.000000000000000000e+00 0.000000000000000000e+00 1.000000000000000000e+00 0.000000000000000000e+00
9.999749164314237770e-01 -7.082831917178421255e-03 0.000000000000000000e+00 3.139390980790525421e-02 7.082831917178421255e-03 9.999749164314237770e-01 0.000000000000000000e+00 1.939065980916463686e-04 0.000000000000000000e+00 0.000000000000000000e+00 1.000000000000000000e+00 0.000000000000000000e+00
9.999738613508586393e-01 -7.230256914783982948e-03 0.000000000000000000e+00 3.533106832348235915e-02 7.230256914783982948e-03 9.999738613508586393e-01 0.000000000000000000e+00 2.217609263572291431e-04 0.000000000000000000e+00 0.000000000000000000e+00 1.000000000000000000e+00 0.000000000000000000e+00
9.999727844093240225e-01 -7.377698873201376031e-03 0.000000000000000000e+00 3.940997766777792205e-02 7.377698873201376031e-03 9.999727844093240225e-01 0.000000000000000000e+00 2.512510352076292083e-04 0.000000000000000000e+00 0.000000000000000000e+00 1.000000000000000000e+00 0.000000000000000000e+00
9.999716903516941979e-01 -7.524526242589658562e-03 0.000000000000000000e+00 4.349222495652262099e-02 7.524526242589658562e-03 9.999716903516941979e-01 0.000000000000000000e+00 2.812600528234134229e-04 0.000000000000000000e+00 0.000000000000000000e+00 1.000000000000000000e+00 0.000000000000000000e+00
9.999705895340083028e-01 -7.669424164040016152e-03 0.000000000000000000e+00 4.769736991989956959e-02 7.669424164040016152e-03 9.999705895340083028e-01 0.000000000000000000e+00 3.124511571874116810e-04 0.000000000000000000e+00 0.000000000000000000e+00 1.000000000000000000e+00 0.000000000000000000e+00
9.999696925864816066e-01 -7.785493465254059338e-03 0.000000000000000000e+00 5.208475655002248184e-02 7.785493465254059338e-03 9.999696925864816066e-01 0.000000000000000000e+00 3.401588486176726251e-04 0.000000000000000000e+00 0.000000000000000000e+00 1.000000000000000000e+00 0.000000000000000000e+00
9.999686263225194827e-01 -7.921260673235362704e-03 0.000000000000000000e+00 5.627046194960757391e-02 7.921260673235362704e-03 9.999686263225194827e-01 0.000000000000000000e+00 3.707037541435583700e-04 0.000000000000000000e+00 0.000000000000000000e+00 1.000000000000000000e+00 0.000000000000000000e+00
9.999673460959077609e-01 -8.081258683336889695e-03 0.000000000000000000e+00 6.045696494114675967e-02 8.081258683336889695e-03 9.999673460959077609e-01 0.000000000000000000e+00 4.065510647184133585e-04 0.000000000000000000e+00 0.000000000000000000e+00 1.000000000000000000e+00 0.000000000000000000e+00
9.999661118981000296e-01 -8.232560682836904953e-03 0.000000000000000000e+00 6.504408092935934360e-02 8.232560682836904953e-03 9.999661118981000296e-01 0.000000000000000000e+00 4.446466111640896986e-04 0.000000000000000000e+00 0.000000000000000000e+00 1.000000000000000000e+00 0.000000000000000000e+00
9.999648925869492055e-01 -8.379355200195564776e-03 0.000000000000000000e+00 6.987569029746246163e-02 8.379355200195564776e-03 9.999648925869492055e-01 0.000000000000000000e+00 4.846185423140789259e-04 0.000000000000000000e+00 0.000000000000000000e+00 1.000000000000000000e+00 0.000000000000000000e+00
9.999636591568791255e-01 -8.525278035639769630e-03 0.000000000000000000e+00 7.505942877644113109e-02 8.525278035639769630e-03 9.999636591568791255e-01 0.000000000000000000e+00 5.281586854476370526e-04 0.000000000000000000e+00 0.000000000000000000e+00 1.000000000000000000e+00 0.000000000000000000e+00
9.999624001693021569e-01 -8.671692317446591525e-03 0.000000000000000000e+00 8.076053807857955236e-02 8.671692317446591525e-03 9.999624001693021569e-01 0.000000000000000000e+00 5.768217685494765948e-04 0.000000000000000000e+00 0.000000000000000000e+00 1.000000000000000000e+00 0.000000000000000000e+00
9.999611294513540694e-01 -8.817005521844573784e-03 0.000000000000000000e+00 8.677716121015544015e-02 8.817005521844573784e-03 9.999611294513540694e-01 0.000000000000000000e+00 6.291713749434642809e-04 0.000000000000000000e+00 0.000000000000000000e+00 1.000000000000000000e+00 0.000000000000000000e+00
9.999598482720600812e-01 -8.961129600589277933e-03 0.000000000000000000e+00 9.365493728966105269e-02 8.961129600589277933e-03 9.999598482720600812e-01 0.000000000000000000e+00 6.899458226620238657e-04 0.000000000000000000e+00 0.000000000000000000e+00 1.000000000000000000e+00 0.000000000000000000e+00
9.999585570925164646e-01 -9.104070378267688571e-03 0.000000000000000000e+00 1.016945625882652443e-01 9.104070378267688571e-03 9.999585570925164646e-01 0.000000000000000000e+00 7.620684478641975195e-04 0.000000000000000000e+00 0.000000000000000000e+00 1.000000000000000000e+00 0.000000000000000000e+00
9.999572256570576911e-01 -9.249154352712323640e-03 0.000000000000000000e+00 1.101566309229646545e-01 9.249154352712323640e-03 9.999572256570576911e-01 0.000000000000000000e+00 8.391223336672328208e-04 0.000000000000000000e+00 0.000000000000000000e+00 1.000000000000000000e+00 0.000000000000000000e+00
9.999558426315409143e-01 -9.397488337052291307e-03 0.000000000000000000e+00 1.187347844407945635e-01 9.397488337052291307e-03 9.999558426315409143e-01 0.000000000000000000e+00 9.184939485486341053e-04 0.000000000000000000e+00 0.000000000000000000e+00 1.000000000000000000e+00 0.000000000000000000e+00
9.999544457436934097e-01 -9.544969220634476337e-03 0.000000000000000000e+00 1.275729554802363663e-01 9.544969220634476337e-03 9.999544457436934097e-01 0.000000000000000000e+00 1.001581407258625130e-03 0.000000000000000000e+00 0.000000000000000000e+00 1.000000000000000000e+00 0.000000000000000000e+00
9.999530573151661494e-01 -9.689332590643294843e-03 0.000000000000000000e+00 1.361514320492883956e-01 9.689332590643294843e-03 9.999530573151661494e-01 0.000000000000000000e+00 1.083466851523499225e-03 0.000000000000000000e+00 0.000000000000000000e+00 1.000000000000000000e+00 0.000000000000000000e+00
9.999516879038713446e-01 -9.829641814359697805e-03 0.000000000000000000e+00 1.447298852680942993e-01 9.829641814359697805e-03 9.999516879038713446e-01 0.000000000000000000e+00 1.166536780244154577e-03 0.000000000000000000e+00 0.000000000000000000e+00 1.000000000000000000e+00 0.000000000000000000e+00
9.999503225344176238e-01 -9.967570582350104152e-03 0.000000000000000000e+00 1.535591013231228097e-01 9.967570582350104152e-03 9.999503225344176238e-01 0.000000000000000000e+00 1.252956709217240439e-03 0.000000000000000000e+00 0.000000000000000000e+00 1.000000000000000000e+00 0.000000000000000000e+00
9.999489127113847520e-01 -1.010801500391795074e-02 0.000000000000000000e+00 1.621243377208293757e-01 1.010801500391795074e-02 9.999489127113847520e-01 0.000000000000000000e+00 1.338491528445415928e-03 0.000000000000000000e+00 0.000000000000000000e+00 1.000000000000000000e+00 0.000000000000000000e+00
9.999474884299148769e-01 -1.024794529187370712e-02 0.000000000000000000e+00 1.707031696055296976e-01 1.024794529187370712e-02 9.999474884299148769e-01 0.000000000000000000e+00 1.425215893909699376e-03 0.000000000000000000e+00 0.000000000000000000e+00 1.000000000000000000e+00 0.000000000000000000e+00
9.999460032884670557e-01 -1.039184812346199797e-02 0.000000000000000000e+00 1.795422296637699533e-01 1.039184812346199797e-02 9.999460032884670557e-01 0.000000000000000000e+00 1.515748935428035517e-03 0.000000000000000000e+00 0.000000000000000000e+00 1.000000000000000000e+00 0.000000000000000000e+00
9.999444648431100591e-01 -1.053884384675260640e-02 0.000000000000000000e+00 1.881208201020525550e-01 1.053884384675260640e-02 9.999444648431100591e-01 0.000000000000000000e+00 1.604890592926797380e-03 0.000000000000000000e+00 0.000000000000000000e+00 1.000000000000000000e+00 0.000000000000000000e+00
9.999428754201297176e-01 -1.068858720893068985e-02 0.000000000000000000e+00 1.966991399324452550e-01 1.068858720893068985e-02 9.999428754201297176e-01 0.000000000000000000e+00 1.695291827818210277e-03 0.000000000000000000e+00 0.000000000000000000e+00 1.000000000000000000e+00 0.000000000000000000e+00
9.999412632446227356e-01 -1.083836061165140315e-02 0.000000000000000000e+00 2.055372462874713591e-01 1.083836061165140315e-02 9.999412632446227356e-01 0.000000000000000000e+00 1.789783506357519585e-03 0.000000000000000000e+00 0.000000000000000000e+00 1.000000000000000000e+00 0.000000000000000000e+00
9.999396288054990256e-01 -1.098811832484605268e-02 0.000000000000000000e+00 2.141153065029574032e-01 1.098811832484605268e-02 9.999396288054990256e-01 0.000000000000000000e+00 1.882794198993669767e-03 0.000000000000000000e+00 0.000000000000000000e+00 1.000000000000000000e+00 0.000000000000000000e+00
9.999379697098812469e-01 -1.113807579793720491e-02 0.000000000000000000e+00 2.226933179465432344e-01 1.113807579793720491e-02 9.999379697098812469e-01 0.000000000000000000e+00 1.977108719604977159e-03 0.000000000000000000e+00 0.000000000000000000e+00 1.000000000000000000e+00 0.000000000000000000e+00
9.999362918473316819e-01 -1.128770333628001735e-02 0.000000000000000000e+00 2.315312971871752445e-01 1.128770333628001735e-02 9.999362918473316819e-01 0.000000000000000000e+00 2.075605067012616274e-03 0.000000000000000000e+00 0.000000000000000000e+00 1.000000000000000000e+00 0.000000000000000000e+00
9.999346393782388986e-01 -1.143315229983792904e-02 0.000000000000000000e+00 2.401095749279037739e-01 1.143315229983792904e-02 9.999346393782388986e-01 0.000000000000000000e+00 2.172397241457962955e-03 0.000000000000000000e+00 0.000000000000000000e+00 1.000000000000000000e+00 0.000000000000000000e+00
9.999330547355795851e-01 -1.157091384344283158e-02 0.000000000000000000e+00 2.486878336008911117e-01 1.157091384344283158e-02 9.999330547355795851e-01 0.000000000000000000e+00 2.270419070097447027e-03 0.000000000000000000e+00 0.000000000000000000e+00 1.000000000000000000e+00 0.000000000000000000e+00
9.999314809804622506e-01 -1.170612421851847593e-02 0.000000000000000000e+00 2.575161389758687802e-01 1.170612421851847593e-02 9.999314809804622506e-01 0.000000000000000000e+00 2.372201040744680196e-03 0.000000000000000000e+00 0.000000000000000000e+00 1.000000000000000000e+00 0.000000000000000000e+00
9.999298606921231958e-01 -1.184371969573212724e-02 0.000000000000000000e+00 2.660819935035812489e-01 1.184371969573212724e-02 9.999298606921231958e-01 0.000000000000000000e+00 2.472615901737821621e-03 0.000000000000000000e+00 0.000000000000000000e+00 1.000000000000000000e+00 0.000000000000000000e+00
9.999281889872450035e-01 -1.198402556274433435e-02 0.000000000000000000e+00 2.746607692600800954e-01 1.198402556274433435e-02 9.999281889872450035e-01 0.000000000000000000e+00 2.574240613888813690e-03 0.000000000000000000e+00 0.000000000000000000e+00 1.000000000000000000e+00 0.000000000000000000e+00
9.999263828334598037e-01 -1.213379221815160357e-02 0.000000000000000000e+00 2.834997531233501289e-01 1.213379221815160357e-02 9.999263828334598037e-01 0.000000000000000000e+00 2.680149157085987607e-03 0.000000000000000000e+00 0.000000000000000000e+00 1.000000000000000000e+00 0.000000000000000000e+00
9.999245491556481014e-01 -1.228397313061991951e-02 0.000000000000000000e+00 2.920782028387562956e-01 1.228397313061991951e-02 9.999245491556481014e-01 0.000000000000000000e+00 2.784234141731207514e-03 0.000000000000000000e+00 0.000000000000000000e+00 1.000000000000000000e+00 0.000000000000000000e+00
9.999226921056991735e-01 -1.243421940014865883e-02 0.000000000000000000e+00 3.006563738358530857e-01 1.243421940014865883e-02 9.999226921056991735e-01 0.000000000000000000e+00 2.889612573528079799e-03 0.000000000000000000e+00 0.000000000000000000e+00 1.000000000000000000e+00 0.000000000000000000e+00
9.999208113218061023e-01 -1.258455742332778744e-02 0.000000000000000000e+00 3.094943314928188527e-01 1.258455742332778744e-02 9.999208113218061023e-01 0.000000000000000000e+00 2.999535830057622251e-03 0.000000000000000000e+00 0.000000000000000000e+00 1.000000000000000000e+00 0.000000000000000000e+00
9.999189060409187091e-01 -1.273504385278847670e-02 0.000000000000000000e+00 3.180722515703869324e-01 1.273504385278847670e-02 9.999189060409187091e-01 0.000000000000000000e+00 3.107540017348758062e-03 0.000000000000000000e+00 0.000000000000000000e+00 1.000000000000000000e+00 0.000000000000000000e+00
9.999169898533551981e-01 -1.288461883818036412e-02 0.000000000000000000e+00 3.266500524598401345e-01 1.288461883818036412e-02 9.999169898533551981e-01 0.000000000000000000e+00 3.216879875504006277e-03 0.000000000000000000e+00 0.000000000000000000e+00 1.000000000000000000e+00 0.000000000000000000e+00
9.999150613902706430e-01 -1.303341877218906590e-02 0.000000000000000000e+00 3.354878072186487925e-01 1.303341877218906590e-02 9.999150613902706430e-01 0.000000000000000000e+00 3.330801608487508197e-03 0.000000000000000000e+00 0.000000000000000000e+00 1.000000000000000000e+00 0.000000000000000000e+00
9.999131453456406859e-01 -1.317959654115473216e-02 0.000000000000000000e+00 3.440658359049811876e-01 1.317959654115473216e-02 9.999131453456406859e-01 0.000000000000000000e+00 3.442618276175579521e-03 0.000000000000000000e+00 0.000000000000000000e+00 1.000000000000000000e+00 0.000000000000000000e+00
9.999113408403423886e-01 -1.331579734258269559e-02 0.000000000000000000e+00 3.526439005512937430e-01 1.331579734258269559e-02 9.999113408403423886e-01 0.000000000000000000e+00 3.555515257738319380e-03 0.000000000000000000e+00 0.000000000000000000e+00 1.000000000000000000e+00 0.000000000000000000e+00
9.999095647052330671e-01 -1.344850961970645020e-02 0.000000000000000000e+00 3.614712861352603612e-01 1.344850961970645020e-02 9.999095647052330671e-01 0.000000000000000000e+00 3.672698862983909008e-03 0.000000000000000000e+00 0.000000000000000000e+00 1.000000000000000000e+00 0.000000000000000000e+00
9.999077407782532845e-01 -1.358344329430072848e-02 0.000000000000000000e+00 3.700377696527552551e-01 1.358344329430072848e-02 9.999077407782532845e-01 0.000000000000000000e+00 3.788032749780904668e-03 0.000000000000000000e+00 0.000000000000000000e+00 1.000000000000000000e+00 0.000000000000000000e+00
9.999057945204177233e-01 -1.372596388207948138e-02 0.000000000000000000e+00 3.786164718440350185e-01 1.372596388207948138e-02 9.999057945204177233e-01 0.000000000000000000e+00 3.904590983952511366e-03 0.000000000000000000e+00 0.000000000000000000e+00 1.000000000000000000e+00 0.000000000000000000e+00
9.999037242400025116e-01 -1.387595946134628604e-02 0.000000000000000000e+00 3.874552266472873763e-01 1.387595946134628604e-02 9.999037242400025116e-01 0.000000000000000000e+00 4.025896252472881305e-03 0.000000000000000000e+00 0.000000000000000000e+00 1.000000000000000000e+00 0.000000000000000000e+00
9.999016290892015490e-01 -1.402612365412315813e-02 0.000000000000000000e+00 3.960334667265540953e-01 1.402612365412315813e-02 9.999016290892015490e-01 0.000000000000000000e+00 4.144929293808474399e-03 0.000000000000000000e+00 0.000000000000000000e+00 1.000000000000000000e+00 0.000000000000000000e+00
9.998995110752283422e-01 -1.417630951691354127e-02 0.000000000000000000e+00 4.046114344706916444e-01 1.417630951691354127e-02 9.998995110752283422e-01 0.000000000000000000e+00 4.265255618219316799e-03 0.000000000000000000e+00 0.000000000000000000e+00 1.000000000000000000e+00 0.000000000000000000e+00
9.998973698848456770e-01 -1.432653821996162161e-02 0.000000000000000000e+00 4.134491828221902310e-01 1.432653821996162161e-02 9.998973698848456770e-01 0.000000000000000000e+00 4.390578095552954453e-03 0.000000000000000000e+00 0.000000000000000000e+00 1.000000000000000000e+00 0.000000000000000000e+00
9.998952098718316694e-01 -1.447650770613569983e-02 0.000000000000000000e+00 4.220268525562514417e-01 1.447650770613569983e-02 9.998952098718316694e-01 0.000000000000000000e+00 4.513569979241299421e-03 0.000000000000000000e+00 0.000000000000000000e+00 1.000000000000000000e+00 0.000000000000000000e+00
9.998930364290914419e-01 -1.462585726073920359e-02 0.000000000000000000e+00 4.306044640945466684e-01 1.462585726073920359e-02 9.998930364290914419e-01 0.000000000000000000e+00 4.637797541299222386e-03 0.000000000000000000e+00 0.000000000000000000e+00 1.000000000000000000e+00 0.000000000000000000e+00
9.998908526890111226e-01 -1.477439368780258250e-02 0.000000000000000000e+00 4.394420071407786899e-01 1.477439368780258250e-02 9.998908526890111226e-01 0.000000000000000000e+00 4.767106238257313305e-03 0.000000000000000000e+00 0.000000000000000000e+00 1.000000000000000000e+00 0.000000000000000000e+00
9.963866089477000365e-01 -8.493365357561803719e-02 0.000000000000000000e+00 5.431790817797184090e-01 8.493365357561803719e-02 9.963866089477000365e-01 0.000000000000000000e+00 8.275102656054416847e-03 0.000000000000000000e+00 0.000000000000000000e+00 1.000000000000000000e+00 0.000000000000000000e+00
9.929714326149625681e-01 -1.183542733093689292e-01 0.000000000000000000e+00 5.601726277258517461e-01 1.183542733093689292e-01 9.929714326149625681e-01 0.000000000000000000e+00 1.001203549696863017e-02 0.000000000000000000e+00 0.000000000000000000e+00 1.000000000000000000e+00 0.000000000000000000e+00
9.903473227928952793e-01 -1.386080092813716247e-01 0.000000000000000000e+00 5.688912300819923828e-01 1.386080092813716247e-01 9.903473227928952793e-01 0.000000000000000000e+00 1.113935110578880179e-02 0.000000000000000000e+00 0.000000000000000000e+00 1.000000000000000000e+00 0.000000000000000000e+00
9.868610132426309800e-01 -1.615714719303125158e-01 0.000000000000000000e+00 5.773697325660014368e-01 1.615714719303125158e-01 9.868610132426309800e-01 0.000000000000000000e+00 1.242751144596235431e-02 0.000000000000000000e+00 0.000000000000000000e+00 1.000000000000000000e+00 0.000000000000000000e+00
9.825631045040464917e-01 -1.859294104421624905e-01 0.000000000000000000e+00 5.858276018976964483e-01 1.859294104421624905e-01 9.825631045040464917e-01 0.000000000000000000e+00 1.392076224368868527e-02 0.000000000000000000e+00 0.000000000000000000e+00 1.000000000000000000e+00 0.000000000000000000e+00
9.771978297980186134e-01 -2.123308772600975836e-01 0.000000000000000000e+00 5.945215595414533594e-01 2.123308772600975836e-01 9.771978297980186134e-01 0.000000000000000000e+00 1.568833482047604297e-02 0.000000000000000000e+00 0.000000000000000000e+00 1.000000000000000000e+00 0.000000000000000000e+00
9.714725930923825414e-01 -2.371518519226915034e-01 0.000000000000000000e+00 6.028339449831747743e-01 2.371518519226915034e-01 9.714725930923825414e-01 0.000000000000000000e+00 1.760758967697327593e-02 0.000000000000000000e+00 0.000000000000000000e+00 1.000000000000000000e+00 0.000000000000000000e+00
9.645069557195967702e-01 -2.640574414185591356e-01 0.000000000000000000e+00 6.112303836168895277e-01 2.640574414185591356e-01 9.645069557195967702e-01 0.000000000000000000e+00 1.977891371531099660e-02 0.000000000000000000e+00 0.000000000000000000e+00 1.000000000000000000e+00 0.000000000000000000e+00
9.557428559061816875e-01 -2.942033198050211240e-01 0.000000000000000000e+00 6.198224978649748973e-01 2.942033198050211240e-01 9.557428559061816875e-01 0.000000000000000000e+00 2.227418244470019681e-02 0.000000000000000000e+00 0.000000000000000000e+00 1.000000000000000000e+00 0.000000000000000000e+00
9.460933423986481738e-01 -3.238940991573545092e-01 0.000000000000000000e+00 6.279616286716407370e-01 3.238940991573545092e-01 9.460933423986481738e-01 0.000000000000000000e+00 2.490985866591345979e-02 0.000000000000000000e+00 0.000000000000000000e+00 1.000000000000000000e+00 0.000000000000000000e+00
9.352337163865046543e-01 -3.540309248270366860e-01 0.000000000000000000e+00 6.359000980243209034e-01 3.540309248270366860e-01 9.352337163865046543e-01 0.000000000000000000e+00 2.777156446276977941e-02 0.000000000000000000e+00 0.000000000000000000e+00 1.000000000000000000e+00 0.000000000000000000e+00
9.227294438198083704e-01 -3.854482760474966518e-01 0.000000000000000000e+00 6.438613871015719248e-01 3.854482760474966518e-01 9.227294438198083704e-01 0.000000000000000000e+00 3.094261579591154471e-02 0.000000000000000000e+00 0.000000000000000000e+00 1.000000000000000000e+00 0.000000000000000000e+00
9.095640905245195862e-01 -4.155636716897948557e-01 0.000000000000000000e+00 6.514739874546967568e-01 4.155636716897948557e-01 9.095640905245195862e-01 0.000000000000000000e+00 3.427311687816336772e-02 0.000000000000000000e+00 0.000000000000000000e+00 1.000000000000000000e+00 0.000000000000000000e+00
8.953850272553232070e-01 -4.452927721926150384e-01 0.000000000000000000e+00 6.589637897923232845e-01 4.452927721926150384e-01 8.953850272553232070e-01 0.000000000000000000e+00 3.784796450172370208e-02 0.000000000000000000e+00 0.000000000000000000e+00 1.000000000000000000e+00 0.000000000000000000e+00
7.468849517236912927e-01 -6.649532832377770264e-01 0.000000000000000000e+00 7.143468345721175616e-01 6.649532832377770264e-01 7.468849517236912927e-01 0.000000000000000000e+00 7.530441434155854541e-02 0.000000000000000000e+00 0.000000000000000000e+00 1.000000000000000000e+00 0.000000000000000000e+00
2.746283996687634565e-01 -9.615504365842563184e-01 0.000000000000000000e+00 7.894417161246767289e-01 9.615504365842563184e-01 2.746283996687634565e-01 0.000000000000000000e+00 1.940273899433752058e-01 0.000000000000000000e+00 0.000000000000000000e+00 1.000000000000000000e+00 0.000000000000000000e+00
-1.045429704922831715e-01 -9.945203704905443143e-01 0.000000000000000000e+00 7.983038194317575442e-01 9.945203704905443143e-01 -1.045429704922831715e-01 0.000000000000000000e+00 3.281945071600430586e-01 0.000000000000000000e+00 0.000000000000000000e+00 1.000000000000000000e+00 0.000000000000000000e+00
-1.201940160905347749e-01 -9.927504210505418980e-01 0.000000000000000000e+00 7.973609878912377713e-01 9.927504210505418980e-01 -1.201940160905347749e-01 0.000000000000000000e+00 3.365103927530225802e-01 0.000000000000000000e+00 0.000000000000000000e+00 1.000000000000000000e+00 0.000000000000000000e+00
-1.344364677384956019e-01 -9.909222149805687607e-01 0.000000000000000000e+00 7.962466897039396363e-01 9.909222149805687607e-01 -1.344364677384956019e-01 0.000000000000000000e+00 3.451755457143042549e-01 0.000000000000000000e+00 0.000000000000000000e+00 1.000000000000000000e+00 0.000000000000000000e+00
-1.474215978103208813e-01 -9.890737447223295620e-01 0.000000000000000000e+00 7.950535864100353178e-01 9.890737447223295620e-01 -1.474215978103208813e-01 0.000000000000000000e+00 3.535489354472034496e-01 0.000000000000000000e+00 0.000000000000000000e+00 1.000000000000000000e+00 0.000000000000000000e+00
-1.721778081484431067e-01 -9.850658873299784624e-01 0.000000000000000000e+00 7.922972911580162814e-01 9.850658873299784624e-01 -1.721778081484431067e-01 0.000000000000000000e+00 3.705273396013926690e-01 0.000000000000000000e+00 0.000000000000000000e+00 1.000000000000000000e+00 0.000000000000000000e+00
-1.835976803074836905e-01 -9.830014708970231663e-01 0.000000000000000000e+00 7.907878677774045073e-01 9.830014708970231663e-01 -1.835976803074836905e-01 0.000000000000000000e+00 3.788752935273843603e-01 0.000000000000000000e+00 0.000000000000000000e+00 1.000000000000000000e+00 0.000000000000000000e+00
-2.034515576703785633e-01 -9.790850135108272179e-01 0.000000000000000000e+00 7.874503086364960103e-01 9.790850135108272179e-01 -2.034515576703785633e-01 0.000000000000000000e+00 3.957889158097192550e-01 0.000000000000000000e+00 0.000000000000000000e+00 1.000000000000000000e+00 0.000000000000000000e+00
-2.132392197486679963e-01 -9.770000179943597596e-01 0.000000000000000000e+00 7.856810333139943037e-01 9.770000179943597596e-01 -2.132392197486679963e-01 0.000000000000000000e+00 4.040934711517618627e-01 0.000000000000000000e+00 0.000000000000000000e+00 1.000000000000000000e+00 0.000000000000000000e+00
-2.328963037892760879e-01 -9.725015741279255943e-01 0.000000000000000000e+00 7.818350670268559011e-01 9.725015741279255943e-01 -2.328963037892760879e-01 0.000000000000000000e+00 4.208973563335143275e-01 0.000000000000000000e+00 0.000000000000000000e+00 1.000000000000000000e+00 0.000000000000000000e+00
-2.426150745159584565e-01 -9.701226343187834278e-01 0.000000000000000000e+00 7.798161977811082224e-01 9.701226343187834278e-01 -2.426150745159584565e-01 0.000000000000000000e+00 4.291441422357355484e-01 0.000000000000000000e+00 0.000000000000000000e+00 1.000000000000000000e+00 0.000000000000000000e+00
