Transformation matrix: 
 [[ 9.99999944e-01  1.34908865e-04 -3.05361257e-04  2.60716226e-05]
 [-1.34912945e-04  9.99999991e-01 -1.33405968e-05  1.46967493e-03]
 [ 3.05359454e-04  1.33817932e-05  9.99999953e-01 -2.51337188e-03]
 [ 0.00000000e+00  0.00000000e+00  0.00000000e+00  1.00000000e+00]]
Transformation matrix saved.

Saved transLC...

Edge saved.
-0.0029184452061092603 -0.00033189434868547844 0.019016118255725238

1 edge done...

Transformation matrix: 
 [[ 9.99999992e-01 -5.43509360e-05  1.13843239e-04  3.62694104e-03]
 [ 5.43473566e-05  9.99999998e-01  3.14444423e-05  6.68805503e-03]
 [-1.13844947e-04 -3.14382550e-05  9.99999993e-01 -1.17064066e-02]
 [ 0.00000000e+00  0.00000000e+00  0.00000000e+00  1.00000000e+00]]
Transformation matrix saved.

Saved transLC...

Edge saved.
-0.013508275731307112 0.00012576322199011654 -0.007205719683148909

2 edge done...

Transformation matrix: 
 [[ 9.99999946e-01  1.59724161e-04 -2.85663232e-04 -7.48279136e-06]
 [-1.59720824e-04  9.99999987e-01  1.17065985e-05  4.40110448e-03]
 [ 2.85665098e-04 -1.16609715e-05  9.99999959e-01 -7.63159733e-03]
 [ 0.00000000e+00  0.00000000e+00  0.00000000e+00  1.00000000e+00]]
Transformation matrix saved.

Saved transLC...

Edge saved.
-0.008843758468398272 -0.0003272522242655705 0.018750174708823286

3 edge done...

Transformation matrix: 
 [[ 9.99997725e-01 -1.07721661e-03  1.84124605e-03 -4.65873656e-03]
 [ 1.07720198e-03  9.99999420e-01  8.93576048e-06  1.43217793e-02]
 [-1.84125461e-03 -6.95234625e-06  9.99998305e-01 -2.48638125e-02]
 [ 0.00000000e+00  0.00000000e+00  0.00000000e+00  1.00000000e+00]]
Transformation matrix saved.

Saved transLC...

Edge saved.
-0.02856344763942592 0.0021331779654860587 -0.12222218179026768

4 edge done...

Transformation matrix: 
 [[ 9.99999850e-01  2.40509028e-04 -4.92900927e-04  2.58198735e-03]
 [-2.40506928e-04  9.99999971e-01  4.31978201e-06  1.80551448e-02]
 [ 4.92901952e-04 -4.20123527e-06  9.99999879e-01 -3.12901667e-02]
 [ 0.00000000e+00  0.00000000e+00  0.00000000e+00  1.00000000e+00]]
Transformation matrix saved.

Saved transLC...

Edge saved.
-0.036165872010844514 -0.0005471071739098655 0.031346942928390485

5 edge done...

Transformation matrix: 
 [[ 9.99999602e-01 -4.07520211e-04  7.93547666e-04 -2.44619777e-03]
 [ 4.07506688e-04  9.99999917e-01  1.72031755e-05  1.85185227e-02]
 [-7.93554610e-04 -1.68797927e-05  9.99999685e-01 -3.21741950e-02]
 [ 0.00000000e+00  0.00000000e+00  0.00000000e+00  1.00000000e+00]]
Transformation matrix saved.

Saved transLC...

Edge saved.
-0.037083640223814725 0.0008909781039953608 -0.05104933485350668

6 edge done...

Transformation matrix: 
 [[ 9.99999993e-01  4.57329580e-05 -1.04649244e-04  9.92607534e-04]
 [-4.57346988e-05  9.99999999e-01 -1.66323422e-05  1.92305784e-02]
 [ 1.04648483e-04  1.66371282e-05  9.99999994e-01 -3.32924344e-02]
 [ 0.00000000e+00  0.00000000e+00  0.00000000e+00  1.00000000e+00]]
Transformation matrix saved.

Saved transLC...

Edge saved.
-0.03843656269627829 -0.00011349163180618455 0.006502579372422159

7 edge done...

Transformation matrix: 
 [[ 9.99998038e-01 -9.69416419e-04  1.72749034e-03 -4.83753878e-03]
 [ 9.69409038e-04  9.99999530e-01  5.11028556e-06  1.88204556e-02]
 [-1.72749448e-03 -3.43563078e-06  9.99998508e-01 -3.26098124e-02]
 [ 0.00000000e+00  0.00000000e+00  0.00000000e+00  1.00000000e+00]]
Transformation matrix saved.

Saved transLC...

Edge saved.
-0.03752697721373114 0.0019807509951077907 -0.1134887525750341

8 edge done...

Transformation matrix: 
 [[ 9.99999264e-01 -6.10221744e-04  1.04863604e-03 -4.48696480e-03]
 [ 6.10225002e-04  9.99999814e-01 -2.78747939e-06  1.86153592e-02]
 [-1.04863415e-03  3.42738127e-06  9.99999450e-01 -3.22703528e-02]
 [ 0.00000000e+00  0.00000000e+00  0.00000000e+00  1.00000000e+00]]
Transformation matrix saved.

Saved transLC...

Edge saved.
-0.03717230793187782 0.0012132575443549096 -0.06951455448035469

9 edge done...

Transformation matrix: 
 [[ 9.99999305e-01 -6.17010689e-04  1.00489288e-03 -2.51452510e-03]
 [ 6.17019799e-04  9.99999810e-01 -8.75553759e-06  1.63077213e-02]
 [-1.00488728e-03  9.37557030e-06  9.99999495e-01 -2.83055277e-02]
 [ 0.00000000e+00  0.00000000e+00  0.00000000e+00  1.00000000e+00]]
Transformation matrix saved.

Saved transLC...

Edge saved.
-0.03258055280865833 0.0011787776868456411 -0.06753901846628432

10 edge done...

Transformation matrix: 
 [[ 9.99997962e-01 -1.01533556e-03  1.74477708e-03 -6.20304785e-03]
 [ 1.01534204e-03  9.99999485e-01 -2.82819611e-06  1.84843813e-02]
 [-1.74477331e-03  4.59973586e-06  9.99998478e-01 -3.20653231e-02]
 [ 0.00000000e+00  0.00000000e+00  0.00000000e+00  1.00000000e+00]]
Transformation matrix saved.

Saved transLC...

Edge saved.
-0.03687615017401782 0.002018691086896513 -0.11566255931629296

11 edge done...

Transformation matrix: 
 [[ 9.99999563e-01 -4.78950533e-04  8.03454271e-04 -1.55050221e-03]
 [ 4.78950284e-04  9.99999885e-01  5.02398812e-07  1.84183984e-02]
 [-8.03454419e-04 -1.17583941e-07  9.99999677e-01 -3.19883137e-02]
 [ 0.00000000e+00  0.00000000e+00  0.00000000e+00  1.00000000e+00]]
Transformation matrix saved.

Saved transLC...

Edge saved.
-0.036851386906756656 0.0009352910969423885 -0.05358824005712559

12 edge done...

Transformation matrix: 
 [[ 9.99998722e-01 -7.95272432e-04  1.38711827e-03 -2.55212813e-03]
 [ 7.95235410e-04  9.99999683e-01  2.72410993e-05  1.84547167e-02]
 [-1.38713950e-03 -2.61379789e-05  9.99999038e-01 -3.21255214e-02]
 [ 0.00000000e+00  0.00000000e+00  0.00000000e+00  1.00000000e+00]]
Transformation matrix saved.

Saved transLC...

Edge saved.
-0.03697404090071386 0.0015989141539871788 -0.09161108007824498

13 edge done...

Transformation matrix: 
 [[ 9.99999618e-01 -4.26426858e-04  7.63190897e-04 -3.09825115e-03]
 [ 4.26431603e-04  9.99999909e-01 -6.05433267e-06  1.87341517e-02]
 [-7.63188246e-04  6.37977907e-06  9.99999709e-01 -3.24297931e-02]
 [ 0.00000000e+00  0.00000000e+00  0.00000000e+00  1.00000000e+00]]
Transformation matrix saved.

Saved transLC...

Edge saved.
-0.03738846180022613 0.0008741523428686293 -0.05008524180059223

14 edge done...

Transformation matrix: 
 [[ 9.99998508e-01 -8.76149218e-04  1.48858954e-03 -6.20716922e-03]
 [ 8.76163158e-04  9.99999616e-01 -8.71197915e-06  1.96121291e-02]
 [-1.48858133e-03  1.00162135e-05  9.99998892e-01 -3.40337851e-02]
 [ 0.00000000e+00  0.00000000e+00  0.00000000e+00  1.00000000e+00]]
Transformation matrix saved.

Saved transLC...

Edge saved.
-0.03915755178112269 0.0017272352522462494 -0.09896334687216912

15 edge done...

Transformation matrix: 
 [[ 9.99998271e-01 -9.07327994e-04  1.62324041e-03 -4.10695260e-03]
 [ 9.07315650e-04  9.99999588e-01  8.34070903e-06  1.71699625e-02]
 [-1.62324731e-03 -6.86790318e-06  9.99998683e-01 -2.97701687e-02]
 [ 0.00000000e+00  0.00000000e+00  0.00000000e+00  1.00000000e+00]]
Transformation matrix saved.

Saved transLC...

Edge saved.
-0.03425407000039427 0.001859423092164489 -0.10653716842290527

16 edge done...

Transformation matrix: 
 [[ 9.99999490e-01  4.99726032e-04 -8.78105404e-04  3.96491172e-03]
 [-4.99713589e-04  9.99999875e-01  1.43899045e-05  1.89233085e-02]
 [ 8.78112486e-04 -1.39510960e-05  9.99999614e-01 -3.29523581e-02]
 [ 0.00000000e+00  0.00000000e+00  0.00000000e+00  1.00000000e+00]]
Transformation matrix saved.

Saved transLC...

Edge saved.
-0.03808034868987214 -0.0010103225079632397 0.05788723086487568

17 edge done...

Transformation matrix: 
 [[ 9.99998068e-01 -9.78972586e-04  1.70455849e-03 -2.47102728e-03]
 [ 9.78990682e-04  9.99999521e-01 -9.78205510e-06  1.84292606e-02]
 [-1.70454809e-03  1.14507831e-05  9.99998547e-01 -3.18451929e-02]
 [ 0.00000000e+00  0.00000000e+00  0.00000000e+00  1.00000000e+00]]
Transformation matrix saved.

Saved transLC...

Edge saved.
-0.0366538847933637 0.0019656758153398114 -0.11262499756349977

18 edge done...

Transformation matrix: 
 [[ 9.99999672e-01 -3.90300356e-04  7.10372180e-04 -4.31604103e-03]
 [ 3.90297390e-04  9.99999924e-01  4.31370779e-06  1.72611354e-02]
 [-7.10373809e-04 -4.03644996e-06  9.99999748e-01 -2.99691512e-02]
 [ 0.00000000e+00  0.00000000e+00  0.00000000e+00  1.00000000e+00]]
Transformation matrix saved.

Saved transLC...

Edge saved.
-0.034536482953517855 0.0008103450753510078 -0.04642936201807258

19 edge done...

Transformation matrix: 
 [[ 9.99999475e-01 -5.28294986e-04  8.77585804e-04 -1.85599904e-03]
 [ 5.28296982e-04  9.99999860e-01 -2.04320320e-06  1.83868645e-02]
 [-8.77584602e-04  2.50682806e-06  9.99999615e-01 -3.19426677e-02]
 [ 0.00000000e+00  0.00000000e+00  0.00000000e+00  1.00000000e+00]]
Transformation matrix saved.

Saved transLC...

Edge saved.
-0.03678747384692206 0.001024164827362436 -0.05868033479145617

20 edge done...

Transformation matrix: 
 [[ 9.99999725e-01 -3.49690929e-04  6.53600132e-04 -1.98070041e-03]
 [ 3.49687353e-04  9.99999939e-01  5.58592269e-06  1.97733054e-02]
 [-6.53602045e-04 -5.35736546e-06  9.99999786e-01 -3.42847551e-02]
 [ 0.00000000e+00  0.00000000e+00  0.00000000e+00  1.00000000e+00]]
Transformation matrix saved.

Saved transLC...

Edge saved.
-0.03953593549162389 0.0007408721599551912 -0.04244885939216061

21 edge done...

Transformation matrix: 
 [[ 9.99999993e-01 -9.19155635e-05  7.17411877e-05 -1.11135132e-03]
 [ 9.19160447e-05  9.99999996e-01 -6.70441801e-06  1.84251795e-02]
 [-7.17405711e-05  6.71101213e-06  9.99999997e-01 -3.19919867e-02]
 [ 0.00000000e+00  0.00000000e+00  0.00000000e+00  1.00000000e+00]]
Transformation matrix saved.

Saved transLC...

Edge saved.
-0.03690408112011497 0.0001081007810053119 -0.006193735319821483

22 edge done...

Transformation matrix: 
 [[ 9.99999760e-01 -3.62801156e-04  5.90471660e-04 -3.03851621e-03]
 [ 3.62809245e-04  9.99999934e-01 -1.35913360e-05  1.80318040e-02]
 [-5.90466690e-04  1.38055613e-05  9.99999826e-01 -3.12400350e-02]
 [ 0.00000000e+00  0.00000000e+00  0.00000000e+00  1.00000000e+00]]
Transformation matrix saved.

Saved transLC...

Edge saved.
-0.036010524304885785 0.0006927696445360283 -0.039692794700279206

23 edge done...

Transformation matrix: 
 [[ 9.99999933e-01 -1.52170053e-04  3.33993902e-04 -5.33807387e-05]
 [ 1.52170769e-04  9.99999988e-01 -2.11811223e-06  1.89616678e-02]
 [-3.33993576e-04  2.16893619e-06  9.99999944e-01 -3.27768348e-02]
 [ 0.00000000e+00  0.00000000e+00  0.00000000e+00  1.00000000e+00]]
Transformation matrix saved.

Saved transLC...

Edge saved.
-0.03784032576843954 0.0003653213321937136 -0.02093136662773703

24 edge done...

Transformation matrix: 
 [[ 9.99999965e-01  1.28837486e-04 -2.31650149e-04  4.25331764e-04]
 [-1.28838637e-04  9.99999992e-01 -4.95467010e-06  1.78431239e-02]
 [ 2.31649509e-04  4.98451542e-06  9.99999973e-01 -3.09578025e-02]
 [ 0.00000000e+00  0.00000000e+00  0.00000000e+00  1.00000000e+00]]
Transformation matrix saved.

Saved transLC...

Edge saved.
-0.035743584185122114 -0.0002650323437959431 0.015185233678907253

25 edge done...

Transformation matrix: 
 [[ 9.99999976e-01 -9.27921936e-05  1.96691492e-04  4.60296593e-04]
 [ 9.27897054e-05  9.99999996e-01  1.26592656e-05  1.99742671e-02]
 [-1.96692666e-04 -1.26410143e-05  9.99999981e-01 -3.46817541e-02]
 [ 0.00000000e+00  0.00000000e+00  0.00000000e+00  1.00000000e+00]]
Transformation matrix saved.

Saved transLC...

Edge saved.
-0.040022150834378836 0.00021673009086179912 -0.012417732683721112

26 edge done...

Transformation matrix: 
 [[ 9.99999929e-01 -1.86982070e-04  3.28026675e-04 -9.44730994e-04]
 [ 1.86981309e-04  9.99999983e-01  2.34988749e-06  1.84920592e-02]
 [-3.28027108e-04 -2.28855246e-06  9.99999946e-01 -3.20707983e-02]
 [ 0.00000000e+00  0.00000000e+00  0.00000000e+00  1.00000000e+00]]
Transformation matrix saved.

Saved transLC...

Edge saved.
-0.036998138453320645 0.0003775697972618637 -0.021633156661128625

27 edge done...

Transformation matrix: 
 [[ 9.99999995e-01 -6.67535318e-05  7.69303277e-05  6.68849608e-04]
 [ 6.67536371e-05  9.99999998e-01 -1.36585357e-06  1.95780787e-02]
 [-7.69302364e-05  1.37098894e-06  9.99999997e-01 -3.40315553e-02]
 [ 0.00000000e+00  0.00000000e+00  0.00000000e+00  1.00000000e+00]]
Transformation matrix saved.

Saved transLC...

Edge saved.
-0.0392532112044075 0.00010000637194744434 -0.005729944560894058

28 edge done...

Transformation matrix: 
 [[ 9.99999993e-01 -2.17678602e-05  1.12980031e-04  1.28456854e-03]
 [ 2.17670387e-05  1.00000000e+00  7.27240879e-06  1.78372853e-02]
 [-1.12980190e-04 -7.26994950e-06  9.99999994e-01 -3.09052707e-02]
 [ 0.00000000e+00  0.00000000e+00  0.00000000e+00  1.00000000e+00]]
Transformation matrix saved.

Saved transLC...

Edge saved.
-0.03568427890137433 0.00010871551717883852 -0.006228956009135689

29 edge done...

Transformation matrix: 
 [[ 9.99999836e-01 -2.91112990e-04  4.93258049e-04 -6.49085692e-04]
 [ 2.91110421e-04  9.99999958e-01  5.28136976e-06  1.87994430e-02]
 [-4.93259566e-04 -5.13777633e-06  9.99999878e-01 -3.26721670e-02]
 [ 0.00000000e+00  0.00000000e+00  0.00000000e+00  1.00000000e+00]]
Transformation matrix saved.

Saved transLC...

Edge saved.
-0.037663088628508486 0.0005727322022369818 -0.03281513819113754

30 edge done...

Transformation matrix: 
 [[ 9.99999840e-01  2.78521709e-04 -4.91760979e-04  2.82958143e-03]
 [-2.78524951e-04  9.99999961e-01 -6.52412324e-06  1.83088297e-02]
 [ 4.91759143e-04  6.66108990e-06  9.99999879e-01 -3.16705648e-02]
 [ 0.00000000e+00  0.00000000e+00  0.00000000e+00  1.00000000e+00]]
Transformation matrix saved.

Saved transLC...

Edge saved.
-0.036611446036341325 -0.0005651369055173787 0.032379959426444026

31 edge done...

Transformation matrix: 
 [[ 9.99999555e-01 -4.61463842e-04  8.22911361e-04 -2.92098885e-03]
 [ 4.61462276e-04  9.99999894e-01  2.09285740e-06  1.78239130e-02]
 [-8.22912239e-04 -1.71311392e-06  9.99999661e-01 -3.09177407e-02]
 [ 0.00000000e+00  0.00000000e+00  0.00000000e+00  1.00000000e+00]]
Transformation matrix saved.

Saved transLC...

Edge saved.
-0.03562823577128155 0.0009433903190424342 -0.054052293052827396

32 edge done...

Transformation matrix: 
 [[ 9.99999864e-01  2.47470572e-04 -4.58686965e-04  2.42586500e-03]
 [-2.47472513e-04  9.99999969e-01 -4.17279964e-06  1.93760582e-02]
 [ 4.58685918e-04  4.28631148e-06  9.99999895e-01 -3.36500481e-02]
 [ 0.00000000e+00  0.00000000e+00  0.00000000e+00  1.00000000e+00]]
Transformation matrix saved.

Saved transLC...

Edge saved.
-0.03885904097162738 -0.0005209652136204112 0.029849105683279163

33 edge done...

Transformation matrix: 
 [[ 9.99999122e-01 -6.82595163e-04  1.13599081e-03 -2.24467534e-03]
 [ 6.82596832e-04  9.99999767e-01 -1.08129878e-06  1.70605488e-02]
 [-1.13598980e-03  1.85672156e-06  9.99999355e-01 -2.96358417e-02]
 [ 0.00000000e+00  0.00000000e+00  0.00000000e+00  1.00000000e+00]]
Transformation matrix saved.

Saved transLC...

Edge saved.
-0.03410783972284815 0.0013251015830677583 -0.07592275226852525

34 edge done...

Transformation matrix: 
 [[ 9.99999313e-01  5.78392407e-04 -1.01946489e-03  5.10498627e-03]
 [-5.78395497e-04  9.99999833e-01 -2.73650651e-06  1.91920542e-02]
 [ 1.01946313e-03  3.32615853e-06  9.99999480e-01 -3.32715932e-02]
 [ 0.00000000e+00  0.00000000e+00  0.00000000e+00  1.00000000e+00]]
Transformation matrix saved.

Saved transLC...

Edge saved.
-0.03848289604945291 -0.0011720759171727172 0.0671550171024271

35 edge done...

Transformation matrix: 
 [[ 9.99997332e-01 -1.17834453e-03  1.98704622e-03 -6.53760672e-03]
 [ 1.17835533e-03  9.99999306e-01 -4.26034806e-06  1.79155367e-02]
 [-1.98703982e-03  6.60178319e-06  9.99998026e-01 -3.10815148e-02]
 [ 0.00000000e+00  0.00000000e+00  0.00000000e+00  1.00000000e+00]]
Transformation matrix saved.

Saved transLC...

Edge saved.
-0.035718843813126164 0.0023100128999728135 -0.13235411566732896

36 edge done...

Transformation matrix: 
 [[ 9.99999808e-01 -2.61779153e-04  5.61980977e-04 -2.16630170e-03]
 [ 2.61774061e-04  9.99999966e-01  9.13346218e-06  1.77190470e-02]
 [-5.61983348e-04 -8.98634838e-06  9.99999842e-01 -3.07250389e-02]
 [ 0.00000000e+00  0.00000000e+00  0.00000000e+00  1.00000000e+00]]
Transformation matrix saved.

Saved transLC...

Edge saved.
-0.035437956784799676 0.0006175619649798739 -0.03538372471098692

37 edge done...

Transformation matrix: 
 [[ 9.99999894e-01  2.17668336e-04 -4.05482540e-04  2.40582442e-03]
 [-2.17666237e-04  9.99999976e-01  5.22051686e-06  1.82800581e-02]
 [ 4.05483666e-04 -5.13225645e-06  9.99999918e-01 -3.17998283e-02]
 [ 0.00000000e+00  0.00000000e+00  0.00000000e+00  1.00000000e+00]]
Transformation matrix saved.

Saved transLC...

Edge saved.
-0.03671502404752883 -0.00045998782230706014 0.026355366040054277

38 edge done...

Transformation matrix: 
 [[ 9.99999376e-01 -5.46799639e-04  9.74323867e-04 -1.29273623e-03]
 [ 5.46789419e-04  9.99999850e-01  1.07555105e-05  1.87590492e-02]
 [-9.74329602e-04 -1.02227538e-05  9.99999525e-01 -3.25561231e-02]
 [ 0.00000000e+00  0.00000000e+00  0.00000000e+00  1.00000000e+00]]
Transformation matrix saved.

Saved transLC...

Edge saved.
-0.037512769161653255 0.001117184601292119 -0.06400998430728114

39 edge done...

Transformation matrix: 
 [[ 9.99999997e-01 -2.90329728e-05  7.17424578e-05 -4.74144155e-05]
 [ 2.90320460e-05  9.99999999e-01  1.29190607e-05  1.80515944e-02]
 [-7.17428328e-05 -1.29169779e-05  9.99999997e-01 -3.13743746e-02]
 [ 0.00000000e+00  0.00000000e+00  0.00000000e+00  1.00000000e+00]]
Transformation matrix saved.

Saved transLC...

Edge saved.
-0.03620593482736025 7.66437968144949e-05 -0.004391374046273993

40 edge done...

Transformation matrix: 
 [[ 9.99999424e-01 -5.64573694e-04  9.12597169e-04 -2.39733428e-03]
 [ 5.64587606e-04  9.99999841e-01 -1.49873815e-05  1.89807262e-02]
 [-9.12588562e-04  1.55026139e-05  9.99999583e-01 -3.29017591e-02]
 [ 0.00000000e+00  0.00000000e+00  0.00000000e+00  1.00000000e+00]]
Transformation matrix saved.

Saved transLC...

Edge saved.
-0.03789766176219804 0.0010726287889900926 -0.06145714260807224

41 edge done...

Transformation matrix: 
 [[ 9.99999746e-01 -3.20164806e-04  6.36692617e-04 -1.03134263e-04]
 [ 3.20153431e-04  9.99999949e-01  1.79678973e-05  1.70454480e-02]
 [-6.36698337e-04 -1.77640534e-05  9.99999797e-01 -2.96232703e-02]
 [ 0.00000000e+00  0.00000000e+00  0.00000000e+00  1.00000000e+00]]
Transformation matrix saved.

Saved transLC...

Edge saved.
-0.034150511769631624 0.000711460831248229 -0.040763748644648636

42 edge done...

Transformation matrix: 
 [[ 9.99999959e-01 -1.42208939e-04  2.48322594e-04 -6.17252031e-04]
 [ 1.42207535e-04  9.99999990e-01  5.67185256e-06  1.86333322e-02]
 [-2.48323398e-04 -5.63653898e-06  9.99999969e-01 -3.23681028e-02]
 [ 0.00000000e+00  0.00000000e+00  0.00000000e+00  1.00000000e+00]]
Transformation matrix saved.

Saved transLC...

Edge saved.
-0.03733583192545411 0.00028615781178975536 -0.0163956354688798

43 edge done...

Transformation matrix: 
 [[ 9.99999544e-01  4.76743228e-04 -8.26882088e-04  7.09508280e-03]
 [-4.76746256e-04  9.99999886e-01 -3.46471284e-06  1.82283479e-02]
 [ 8.26880342e-04  3.85892420e-06  9.99999658e-01 -3.15394662e-02]
 [ 0.00000000e+00  0.00000000e+00  0.00000000e+00  1.00000000e+00]]
Transformation matrix saved.

Saved transLC...

Edge saved.
-0.03648616227733993 -0.0009544722880684614 0.054687241891013906

44 edge done...

Transformation matrix: 
 [[ 9.99999931e-01 -1.75342441e-04  3.28710961e-04 -1.82418626e-03]
 [ 1.75343141e-04  9.99999985e-01 -2.10182870e-06  1.82181903e-02]
 [-3.28710588e-04  2.15946577e-06  9.99999946e-01 -3.15815824e-02]
 [ 0.00000000e+00  0.00000000e+00  0.00000000e+00  1.00000000e+00]]
Transformation matrix saved.

Saved transLC...

Edge saved.
-0.0364330070312968 0.00037233938155715465 -0.021333474062129633

45 edge done...

Transformation matrix: 
 [[ 9.99999327e-01 -5.94761782e-04  9.96553179e-04 -4.20390925e-03]
 [ 5.94778087e-04  9.99999823e-01 -1.60647799e-05  1.82507490e-02]
 [-9.96543448e-04  1.66574971e-05  9.99999503e-01 -3.16234927e-02]
 [ 0.00000000e+00  0.00000000e+00  0.00000000e+00  1.00000000e+00]]
Transformation matrix saved.

Saved transLC...

Edge saved.
-0.036418738555880355 0.0011604261630720346 -0.06648755193263108

46 edge done...

Transformation matrix: 
 [[ 9.99999101e-01  6.44935899e-04 -1.17571226e-03  6.81886240e-03]
 [-6.44932207e-04  9.99999792e-01  3.51944806e-06  1.85771844e-02]
 [ 1.17571429e-03 -2.76119019e-06  9.99999309e-01 -3.22727837e-02]
 [ 0.00000000e+00  0.00000000e+00  0.00000000e+00  1.00000000e+00]]
Transformation matrix saved.

Saved transLC...

Edge saved.
-0.03732816842955322 -0.0013406553521770398 0.0768139218239271

47 edge done...

Transformation matrix: 
 [[ 9.99997851e-01 -1.03674717e-03  1.79522952e-03 -5.78810877e-03]
 [ 1.03675738e-03  9.99999463e-01 -4.75897742e-06  1.80351198e-02]
 [-1.79522362e-03  6.62018466e-06  9.99998389e-01 -3.12333894e-02]
 [ 0.00000000e+00  0.00000000e+00  0.00000000e+00  1.00000000e+00]]
Transformation matrix saved.

Saved transLC...

Edge saved.
-0.03592535529341625 0.0020730879321194965 -0.11877927401960141

48 edge done...

Transformation matrix: 
 [[ 9.99999845e-01 -2.96366896e-04  4.70788897e-04 -1.00161434e-03]
 [ 2.96363744e-04  9.99999956e-01  6.76590376e-06  1.80262842e-02]
 [-4.70790881e-04 -6.62637796e-06  9.99999889e-01 -3.13821344e-02]
 [ 0.00000000e+00  0.00000000e+00  0.00000000e+00  1.00000000e+00]]
Transformation matrix saved.

Saved transLC...

Edge saved.
-0.036162016525502855 0.0005559053240820925 -0.03185102242779379

49 edge done...

Transformation matrix: 
 [[ 9.99999967e-01  1.57765093e-04 -2.03230871e-04  1.30977688e-03]
 [-1.57763931e-04  9.99999988e-01  5.73284206e-06  1.79511430e-02]
 [ 2.03231773e-04 -5.70077937e-06  9.99999979e-01 -3.10654234e-02]
 [ 0.00000000e+00  0.00000000e+00  0.00000000e+00  1.00000000e+00]]
Transformation matrix saved.

Saved transLC...

Edge saved.
-0.03590183534931845 -0.0002548967253268278 0.014604495288995396

50 edge done...

Transformation matrix: 
 [[ 9.99999658e-01 -4.21773565e-04  7.10734699e-04 -2.69612916e-03]
 [ 4.21783220e-04  9.99999911e-01 -1.34350532e-05  1.85918837e-02]
 [-7.10728969e-04  1.37348246e-05  9.99999747e-01 -3.22313246e-02]
 [ 0.00000000e+00  0.00000000e+00  0.00000000e+00  1.00000000e+00]]
Transformation matrix saved.

Saved transLC...

Edge saved.
-0.037140476963173075 0.0008264039963562834 -0.047349474067272315

51 edge done...

Transformation matrix: 
 [[ 9.99998920e-01 -7.11634973e-04  1.28622559e-03 -3.43743654e-03]
 [ 7.11617364e-04  9.99999747e-01  1.41473364e-05  1.84633041e-02]
 [-1.28623533e-03 -1.32320207e-05  9.99999173e-01 -3.20502027e-02]
 [ 0.00000000e+00  0.00000000e+00  0.00000000e+00  1.00000000e+00]]
Transformation matrix saved.

Saved transLC...

Edge saved.
-0.03690732695535604 0.0014697127332518364 -0.08420838843789472

52 edge done...

Transformation matrix: 
 [[ 9.99999972e-01  1.19949450e-04 -2.05924727e-04  8.68801013e-04]
 [-1.19946337e-04  9.99999993e-01  1.51293662e-05  1.96901095e-02]
 [ 2.05926541e-04 -1.51046658e-05  9.99999979e-01 -3.42364326e-02]
 [ 0.00000000e+00  0.00000000e+00  0.00000000e+00  1.00000000e+00]]
Transformation matrix saved.

Saved transLC...

Edge saved.
-0.03952667891574684 -0.00023831105662018272 0.013654217158062596

53 edge done...

Transformation matrix: 
 [[ 9.99998886e-01 -7.69277922e-04  1.27944063e-03 -4.15687541e-03]
 [ 7.69300265e-04  9.99999704e-01 -1.69710144e-05  1.88807686e-02]
 [-1.27942720e-03  1.79552696e-05  9.99999181e-01 -3.27199002e-02]
 [ 0.00000000e+00  0.00000000e+00  0.00000000e+00  1.00000000e+00]]
Transformation matrix saved.

Saved transLC...

Edge saved.
-0.037660423435445234 0.0014926747700233515 -0.08552402233730547

54 edge done...

Transformation matrix: 
 [[ 9.99909168e-01  6.72468125e-03 -1.16805452e-02  1.80584431e-04]
 [-6.72432783e-03  9.99977389e-01  6.95302429e-05  1.85687912e-02]
 [ 1.16807487e-02  9.01988812e-06  9.99931778e-01 -3.22204427e-02]
 [ 0.00000000e+00  0.00000000e+00  0.00000000e+00  1.00000000e+00]]
Transformation matrix saved.

Saved transLC...

Edge saved.
-0.03809161563764439 -0.013477983106397548 0.772254966971764

55 edge done...

Transformation matrix: 
 [[ 9.99999934e-01 -2.10262090e-04  2.94657820e-04 -2.35863589e-03]
 [ 2.10263062e-04  9.99999978e-01 -3.26736976e-06  1.83964726e-02]
 [-2.94657127e-04  3.32932520e-06  9.99999957e-01 -3.18731642e-02]
 [ 0.00000000e+00  0.00000000e+00  0.00000000e+00  1.00000000e+00]]
Transformation matrix saved.

Saved transLC...

Edge saved.
-0.036774162593881575 0.00036032288744719255 -0.020644987708094684

56 edge done...

Transformation matrix: 
 [[ 9.99999122e-01 -6.53182276e-04  1.15320295e-03 -3.42079023e-03]
 [ 6.53152443e-04  9.99999786e-01  2.62455522e-05  1.89055937e-02]
 [-1.15321985e-03 -2.54923119e-05  9.99999335e-01 -3.28443738e-02]
 [ 0.00000000e+00  0.00000000e+00  0.00000000e+00  1.00000000e+00]]
Transformation matrix saved.

Saved transLC...

Edge saved.
-0.037838950394489264 0.001325290430945415 -0.07593358741129161

57 edge done...

Transformation matrix: 
 [[ 1.00000000e+00 -8.41207251e-06  2.60547080e-05 -4.59866946e-04]
 [ 8.41229888e-06  1.00000000e+00 -8.68826155e-06  1.82340173e-02]
 [-2.60546349e-05  8.68848073e-06  1.00000000e+00 -3.15800985e-02]
 [ 0.00000000e+00  0.00000000e+00  0.00000000e+00  1.00000000e+00]]
Transformation matrix saved.

Saved transLC...

Edge saved.
-0.036454929794673005 2.6768337238814475e-05 -0.0015337098859869091

58 edge done...

Transformation matrix: 
 [[ 1.00000000e+00 -1.40190525e-05 -1.35639957e-05 -9.66252060e-04]
 [ 1.40188910e-05  1.00000000e+00 -1.19033508e-05  1.94129488e-02]
 [ 1.35641626e-05  1.19031606e-05  1.00000000e+00 -3.37082710e-02]
 [ 0.00000000e+00  0.00000000e+00  0.00000000e+00  1.00000000e+00]]
Transformation matrix saved.

Saved transLC...

Edge saved.
-0.0388859638624808 -4.731575865841824e-06 0.0002710864210939803

59 edge done...

Transformation matrix: 
 [[ 9.99999365e-01 -5.44741983e-04  9.86434477e-04 -2.13114151e-03]
 [ 5.44715171e-04  9.99999851e-01  2.74496599e-05  1.91650854e-02]
 [-9.86449284e-04 -2.69123166e-05  9.99999513e-01 -3.32644222e-02]
 [ 0.00000000e+00  0.00000000e+00  0.00000000e+00  1.00000000e+00]]
Transformation matrix saved.

Saved transLC...

Edge saved.
-0.03834684183389019 0.0011266409843024106 -0.0645518210927367

60 edge done...

Transformation matrix: 
 [[ 9.99999954e-01 -1.60648243e-04  2.56628412e-04 -5.78538379e-04]
 [ 1.60650457e-04  9.99999987e-01 -8.60755266e-06  1.80791301e-02]
 [-2.56627026e-04  8.64877974e-06  9.99999967e-01 -3.13579177e-02]
 [ 0.00000000e+00  0.00000000e+00  0.00000000e+00  1.00000000e+00]]
Transformation matrix saved.

Saved transLC...

Edge saved.
-0.0361671985975424 0.00030257410250401575 -0.017336224627333627

61 edge done...

Transformation matrix: 
 [[ 9.99999963e-01  1.12630797e-04 -2.47012837e-04  1.43644784e-03]
 [-1.12632391e-04  9.99999994e-01 -6.43625815e-06  1.92302019e-02]
 [ 2.47012111e-04  6.46407956e-06  9.99999969e-01 -3.33932634e-02]
 [ 0.00000000e+00  0.00000000e+00  0.00000000e+00  1.00000000e+00]]
Transformation matrix saved.

Saved transLC...

Edge saved.
-0.03854500999053704 -0.0002702268667278389 0.015482849536614598

62 edge done...

Transformation matrix: 
 [[ 9.99999139e-01 -6.20937786e-04  1.15562497e-03 -2.96582895e-03]
 [ 6.20919336e-04  9.99999807e-01  1.63239199e-05  1.84937472e-02]
 [-1.15563489e-03 -1.56063560e-05  9.99999332e-01 -3.20354519e-02]
 [ 0.00000000e+00  0.00000000e+00  0.00000000e+00  1.00000000e+00]]
Transformation matrix saved.

Saved transLC...

Edge saved.
-0.03692259471014143 0.0013112563014382483 -0.0751295105027172

63 edge done...

Transformation matrix: 
 [[ 9.99999614e-01  4.15698178e-04 -7.73578186e-04  3.35110513e-03]
 [-4.15704352e-04  9.99999914e-01 -7.82053150e-06  1.83517686e-02]
 [ 7.73574869e-04  8.14210830e-06  9.99999701e-01 -3.19214567e-02]
 [ 0.00000000e+00  0.00000000e+00  0.00000000e+00  1.00000000e+00]]
Transformation matrix saved.

Saved transLC...

Edge saved.
-0.03686896630343915 -0.0008777792898621476 0.0502930427416629

64 edge done...

Transformation matrix: 
 [[ 9.99997901e-01 -1.01458306e-03  1.78011768e-03 -4.98314859e-03]
 [ 1.01454083e-03  9.99999485e-01  2.46268841e-05  1.90532037e-02]
 [-1.78014175e-03 -2.28208304e-05  9.99998415e-01 -3.30689725e-02]
 [ 0.00000000e+00  0.00000000e+00  0.00000000e+00  1.00000000e+00]]
Transformation matrix saved.

Saved transLC...

Edge saved.
-0.03805781333547284 0.002048914731386309 -0.11739426526258205

65 edge done...

Transformation matrix: 
 [[ 9.99999998e-01 -2.28867239e-05  6.41441049e-05  4.86600097e-04]
 [ 2.28867731e-05  1.00000000e+00 -7.66251231e-07  1.94526257e-02]
 [-6.41440873e-05  7.67719281e-07  9.99999998e-01 -3.37623959e-02]
 [ 0.00000000e+00  0.00000000e+00  0.00000000e+00  1.00000000e+00]]
Transformation matrix saved.

Saved transLC...

Edge saved.
-0.03896019959233573 6.698998042410416e-05 -0.003838242611502872

66 edge done...

Transformation matrix: 
 [[ 9.99999957e-01 -1.89170943e-04  2.22015807e-04 -7.96504964e-04]
 [ 1.89177072e-04  9.99999982e-01 -2.75864657e-05  1.77550299e-02]
 [-2.22010584e-04  2.76284648e-05  9.99999975e-01 -3.08686213e-02]
 [ 0.00000000e+00  0.00000000e+00  0.00000000e+00  1.00000000e+00]]
Transformation matrix saved.

Saved transLC...

Edge saved.
-0.03556164521050055 0.000286871764863266 -0.016436625033468814

67 edge done...

Transformation matrix: 
 [[ 9.99999959e-01  1.85025436e-04 -2.19286562e-04  6.36931875e-04]
 [-1.85014680e-04  9.99999982e-01  4.90679793e-05  1.80685670e-02]
 [ 2.19295637e-04 -4.90274060e-05  9.99999975e-01 -3.13385530e-02]
 [ 0.00000000e+00  0.00000000e+00  0.00000000e+00  1.00000000e+00]]
Transformation matrix saved.

Saved transLC...

Edge saved.
-0.03624626437737468 -0.00028243865638983667 0.016182401304536846

68 edge done...

Transformation matrix: 
 [[ 9.99999974e-01  1.03298779e-04 -2.05391472e-04  2.54496185e-03]
 [-1.03305256e-04  9.99999994e-01 -3.15236639e-05  2.03136000e-02]
 [ 2.05388214e-04  3.15448811e-05  9.99999978e-01 -3.51624015e-02]
 [ 0.00000000e+00  0.00000000e+00  0.00000000e+00  1.00000000e+00]]
Transformation matrix saved.

Saved transLC...

Edge saved.
-0.040588754636400264 -0.00022951991186504414 0.013150498348364015

69 edge done...

Transformation matrix: 
 [[ 9.99999900e-01  2.16806804e-04 -3.90091033e-04  4.22161549e-03]
 [-2.16799965e-04  9.99999976e-01  1.75744136e-05  1.85124795e-02]
 [ 3.90094834e-04 -1.74898402e-05  9.99999924e-01 -3.21124782e-02]
 [ 0.00000000e+00  0.00000000e+00  0.00000000e+00  1.00000000e+00]]
Transformation matrix saved.

Saved transLC...

Edge saved.
-0.037114632934850914 -0.00044622972790214744 0.025567088416116865

70 edge done...

Transformation matrix: 
 [[ 9.99999328e-01 -5.66695860e-04  1.01102052e-03 -3.89816826e-03]
 [ 5.66683142e-04  9.99999839e-01  1.28657496e-05  1.93612363e-02]
 [-1.01102765e-03 -1.22928127e-05  9.99999489e-01 -3.36848862e-02]
 [ 0.00000000e+00  0.00000000e+00  0.00000000e+00  1.00000000e+00]]
Transformation matrix saved.

Saved transLC...

Edge saved.
-0.03879095907879945 0.0011589125528855032 -0.06640082386079289

71 edge done...

Transformation matrix: 
 [[ 1.00000000e+00 -1.35613428e-05 -1.25790670e-05 -4.34450127e-04]
 [ 1.35608315e-05  9.99999999e-01 -4.06517486e-05  1.87025244e-02]
 [ 1.25796183e-05  4.06515780e-05  9.99999999e-01 -3.23420528e-02]
 [ 0.00000000e+00  0.00000000e+00  0.00000000e+00  1.00000000e+00]]
Transformation matrix saved.

Saved transLC...

Edge saved.
-0.03731610187013147 -4.108241927491517e-06 0.00023534291684006704

72 edge done...

Transformation matrix: 
 [[ 9.99999487e-01  5.32821311e-04 -8.60911425e-04  6.08650152e-03]
 [-5.32779555e-04  9.99999857e-01  4.87309840e-05  1.77848310e-02]
 [ 8.60937267e-04 -4.82722830e-05  9.99999628e-01 -3.09845171e-02]
 [ 0.00000000e+00  0.00000000e+00  0.00000000e+00  1.00000000e+00]]
Transformation matrix saved.

Saved transLC...

Edge saved.
-0.035844555199157656 -0.0010119928970954899 0.05798284671467406

73 edge done...

Transformation matrix: 
 [[ 9.99999952e-01 -1.74187491e-04  2.55410077e-04 -9.01953356e-04]
 [ 1.74192810e-04  9.99999985e-01 -2.08028472e-05  1.84896575e-02]
 [-2.55406450e-04  2.08473368e-05  9.99999967e-01 -3.19984680e-02]
 [ 0.00000000e+00  0.00000000e+00  0.00000000e+00  1.00000000e+00]]
Transformation matrix saved.

Saved transLC...

Edge saved.
-0.0369134886826326 0.00030829206761107846 -0.01766386212177358

74 edge done...

Transformation matrix: 
 [[ 9.99999898e-01 -2.41877260e-04  3.82519666e-04  7.35009945e-04]
 [ 2.41878876e-04  9.99999971e-01 -4.17768949e-06  1.81294493e-02]
 [-3.82518644e-04  4.27021249e-06  9.99999927e-01 -3.14471291e-02]
 [ 0.00000000e+00  0.00000000e+00  0.00000000e+00  1.00000000e+00]]
Transformation matrix saved.

Saved transLC...

Edge saved.
-0.03626470232637182 0.00045221594672107264 -0.025910070432719576

75 edge done...

Transformation matrix: 
 [[ 9.99999600e-01  4.69653325e-04 -7.61245814e-04  2.69336688e-03]
 [-4.69634473e-04  9.99999889e-01  2.49431626e-05  1.88551422e-02]
 [ 7.61257444e-04 -2.45856454e-05  9.99999710e-01 -3.27198604e-02]
 [ 0.00000000e+00  0.00000000e+00  0.00000000e+00  1.00000000e+00]]
Transformation matrix saved.

Saved transLC...

Edge saved.
-0.03784896008279343 -0.0008940935956699331 0.051227759727283766

76 edge done...

Transformation matrix: 
 [[ 9.99999599e-01 -4.71494512e-04  7.61441724e-04 -4.03797562e-03]
 [ 4.71523381e-04  9.99999888e-01 -3.77339822e-05  1.81845169e-02]
 [-7.61423847e-04  3.80930047e-05  9.99999709e-01 -3.15099798e-02]
 [ 0.00000000e+00  0.00000000e+00  0.00000000e+00  1.00000000e+00]]
Transformation matrix saved.

Saved transLC...

Edge saved.
-0.036280994267463895 0.0008951826419315064 -0.051290253561645564

77 edge done...

Transformation matrix: 
 [[ 9.99999999e-01  3.18609898e-05 -1.57469109e-05  2.05232929e-03]
 [-3.18603382e-05  9.99999999e-01  4.13768825e-05  1.80513518e-02]
 [ 1.57482292e-05 -4.13763808e-05  9.99999999e-01 -3.13807801e-02]
 [ 0.00000000e+00  0.00000000e+00  0.00000000e+00  1.00000000e+00]]
Transformation matrix saved.

Saved transLC...

Edge saved.
-0.03624939705135522 -2.9574669285524658e-05 0.0016944570076121931

78 edge done...

Transformation matrix: 
 [[ 9.99999948e-01 -1.60135257e-04  2.78417180e-04 -9.11367318e-04]
 [ 1.60133400e-04  9.99999987e-01  6.69479014e-06  1.99624257e-02]
 [-2.78418248e-04 -6.65020590e-06  9.99999961e-01 -3.47172404e-02]
 [ 0.00000000e+00  0.00000000e+00  0.00000000e+00  1.00000000e+00]]
Transformation matrix saved.

Saved transLC...

Edge saved.
-0.04003362058958237 0.00032118379519263456 -0.01840247646958209

79 edge done...

Transformation matrix: 
 [[ 9.99999977e-01  6.70550648e-05 -2.05143677e-04  7.19272921e-05]
 [-6.70651898e-05  9.99999997e-01 -4.93490374e-05  1.86572983e-02]
 [ 2.05140367e-04  4.93627943e-05  9.99999978e-01 -3.23180048e-02]
 [ 0.00000000e+00  0.00000000e+00  0.00000000e+00  1.00000000e+00]]
Transformation matrix saved.

Saved transLC...

Edge saved.
-0.03727659482627178 -0.00021117551071574625 0.012099339591912868

80 edge done...

Transformation matrix: 
 [[ 9.99999246e-01 -5.68695598e-04  1.08859188e-03 -2.78047848e-03]
 [ 5.68645643e-04  9.99999837e-01  4.61979759e-05  1.85825538e-02]
 [-1.08861797e-03 -4.55789180e-05  9.99999406e-01 -3.22112327e-02]
 [ 0.00000000e+00  0.00000000e+00  0.00000000e+00  1.00000000e+00]]
Transformation matrix saved.

Saved transLC...

Edge saved.
-0.03715744569668098 0.0012270774491040368 -0.07030651393480047

81 edge done...

Transformation matrix: 
 [[ 9.99999788e-01 -3.36763713e-04  5.58192642e-04 -3.23402655e-03]
 [ 3.36772902e-04  9.99999943e-01 -1.63683411e-05  1.89311511e-02]
 [-5.58187098e-04  1.65563218e-05  9.99999844e-01 -3.28498739e-02]
 [ 0.00000000e+00  0.00000000e+00  0.00000000e+00  1.00000000e+00]]
Transformation matrix saved.

Saved transLC...

Edge saved.
-0.03785399526155662 0.0006517945344643653 -0.03734509023466181

82 edge done...

Transformation matrix: 
 [[ 9.99999822e-01 -2.87558181e-04  5.22024024e-04  1.02975063e-03]
 [ 2.87543206e-04  9.99999958e-01  2.87606339e-05  1.91609920e-02]
 [-5.22032273e-04 -2.86105243e-05  9.99999863e-01 -3.32860245e-02]
 [ 0.00000000e+00  0.00000000e+00  0.00000000e+00  1.00000000e+00]]
Transformation matrix saved.

Saved transLC...

Edge saved.
-0.03839966530879296 0.0005958610514029009 -0.034140345463447165

83 edge done...

Transformation matrix: 
 [[ 9.99999997e-01  4.46243247e-05 -6.31605287e-05  2.08747528e-03]
 [-4.46255840e-05  9.99999999e-01 -1.99377845e-05  1.83328616e-02]
 [ 6.31596389e-05  1.99406031e-05  9.99999998e-01 -3.16739076e-02]
 [ 0.00000000e+00  0.00000000e+00  0.00000000e+00  1.00000000e+00]]
Transformation matrix saved.

Saved transLC...

Edge saved.
-0.03658004189192763 -7.701283897906634e-05 0.004412518692454405

84 edge done...

Transformation matrix: 
 [[ 9.99999937e-01 -2.05855996e-04  2.89575048e-04 -1.58431617e-03]
 [ 2.05862783e-04  9.99999979e-01 -2.34061240e-05  1.85102673e-02]
 [-2.89570224e-04  2.34657353e-05  9.99999958e-01 -3.21860713e-02]
 [ 0.00000000e+00  0.00000000e+00  0.00000000e+00  1.00000000e+00]]
Transformation matrix saved.

Saved transLC...

Edge saved.
-0.03708042672307759 0.0003537169668254645 -0.02026653459557782

85 edge done...

Transformation matrix: 
 [[ 9.99999101e-01  7.06013859e-04 -1.14025998e-03 -7.34858470e-04]
 [-7.05957309e-04  9.99999750e-01  4.99958659e-05  1.76407494e-02]
 [ 1.14029500e-03 -4.91908461e-05  9.99999349e-01 -3.07073991e-02]
 [ 0.00000000e+00  0.00000000e+00  0.00000000e+00  1.00000000e+00]]
Transformation matrix saved.

Saved transLC...

Edge saved.
-0.03555503808745263 -0.001340515851488994 0.07680580769587657

86 edge done...

Transformation matrix: 
 [[ 9.99878274e-01  7.78374279e-03 -1.35222182e-02 -9.22895040e-04]
 [-7.78372414e-03  9.99969705e-01  5.40090870e-05  1.81313057e-02]
 [ 1.35222289e-02  5.12507036e-05  9.99908569e-01 -3.15166141e-02]
 [ 0.00000000e+00  0.00000000e+00  0.00000000e+00  1.00000000e+00]]
Transformation matrix saved.

Saved transLC...

Edge saved.
-0.037367913524101015 -0.015602448803286659 0.8939907426295143

87 edge done...

Transformation matrix: 
 [[ 9.99999978e-01  1.11368125e-04 -1.78475512e-04 -3.18302639e-04]
 [-1.11372488e-04  9.99999993e-01 -2.44344423e-05  1.98302468e-02]
 [ 1.78472790e-04  2.44543191e-05  9.99999984e-01 -3.43064731e-02]
 [ 0.00000000e+00  0.00000000e+00  0.00000000e+00  1.00000000e+00]]
Transformation matrix saved.

Saved transLC...

Edge saved.
-0.03961232689895606 -0.0002102504487675559 0.01204647345730107

88 edge done...

Transformation matrix: 
 [[ 9.99999999e-01  9.53447099e-06 -4.45803521e-05 -3.95372046e-04]
 [-9.53353939e-06  1.00000000e+00  2.08972693e-05  1.75847508e-02]
 [ 4.45805513e-05 -2.08968442e-05  9.99999999e-01 -3.05664112e-02]
 [ 0.00000000e+00  0.00000000e+00  0.00000000e+00  1.00000000e+00]]
Transformation matrix saved.

Saved transLC...

Edge saved.
-0.0352893261108067 -4.337029093426282e-05 0.002484951446803678

89 edge done...

Transformation matrix: 
 [[ 1.00000000e+00  2.00577922e-05 -7.19611362e-06 -5.83664099e-04]
 [-2.00579216e-05  1.00000000e+00 -1.79810555e-05  1.89038789e-02]
 [ 7.19575296e-06  1.79811998e-05  1.00000000e+00 -3.27673844e-02]
 [ 0.00000000e+00  0.00000000e+00  0.00000000e+00  1.00000000e+00]]
Transformation matrix saved.

Saved transLC...

Edge saved.
-0.037810706761250576 -1.6264950242318726e-05 0.0009319271870219752

90 edge done...

Transformation matrix: 
 [[ 9.99999531e-01  4.69813839e-04 -8.46437188e-04  2.64614107e-03]
 [-4.69807508e-04  9.99999890e-01  7.67802468e-06  1.67734381e-02]
 [ 8.46440702e-04 -7.28035854e-06  9.99999642e-01 -2.90948590e-02]
 [ 0.00000000e+00  0.00000000e+00  0.00000000e+00  1.00000000e+00]]
Transformation matrix saved.

Saved transLC...

Edge saved.
-0.033654674866469725 -0.0009679377685739764 0.05545876476816939

91 edge done...

Transformation matrix: 
 [[ 9.99999993e-01  6.36862850e-05 -1.01612218e-04  1.83473692e-03]
 [-6.36861418e-05  9.99999998e-01  1.41188171e-06  1.86175756e-02]
 [ 1.01612308e-04 -1.40541041e-06  9.99999995e-01 -3.22948137e-02]
